500	100	10	1	1.575
500	100	20	1	1.576
500	100	30	1	1.352
500	100	40	1	1.22
500	100	50	1	1.113
500	100	60	1	1.012
500	100	70	1	0.98
500	100	80	1	0.932
500	100	90	1	0.912
500	100	100	1	0.884
550	100	10	1	1.612
550	100	20	1	1.612
550	100	30	1	1.4
550	100	40	1	1.22
550	100	50	1	1.144
550	100	60	1	1.04
550	100	70	1	0.987
550	100	80	1	0.96
550	100	90	1	0.932
550	100	100	1	0.908
600	100	10	1	1.655
600	100	20	1	1.656
600	100	30	1	1.432
600	100	40	1	1.276
600	100	50	1	1.165
600	100	60	1	1.064
600	100	70	1	1.016
600	100	80	1	0.972
600	100	90	1	0.948
600	100	100	1	0.92
650	100	10	1	1.684
650	100	20	1	1.684
650	100	30	1	1.456
650	100	40	1	1.296
650	100	50	1	1.164
650	100	60	1	1.088
650	100	70	1	1.031
650	100	80	1	0.98
650	100	90	1	0.96
650	100	100	1	0.944
700	100	10	1	1.711
700	100	20	1	1.712
700	100	30	1	1.468
700	100	40	1	1.32
700	100	50	1	1.201
700	100	60	1	1.104
700	100	70	1	1.056
700	100	80	1	1.008
700	100	90	1	0.98
700	100	100	1	0.952
750	100	10	1	1.744
750	100	20	1	1.744
750	100	30	1	1.512
750	100	40	1	1.324
750	100	50	1	1.232
750	100	60	1	1.124
750	100	70	1	1.067
750	100	80	1	1.016
750	100	90	1	1
750	100	100	1	0.972
800	100	10	1	1.771
800	100	20	1	1.772
800	100	30	1	1.52
800	100	40	1	1.368
800	100	50	1	1.245
800	100	60	1	1.136
800	100	70	1	1.092
800	100	80	1	1.044
800	100	90	1	1.012
800	100	100	1	0.988
850	100	10	1	1.808
850	100	20	1	1.808
850	100	30	1	1.556
850	100	40	1	1.388
850	100	50	1	1.26
850	100	60	1	1.16
850	100	70	1	1.103
850	100	80	1	1.052
850	100	90	1	1.02
850	100	100	1	0.996
900	100	10	1	1.827
900	100	20	1	1.828
900	100	30	1	1.564
900	100	40	1	1.408
900	100	50	1	1.281
900	100	60	1	1.172
900	100	70	1	1.124
900	100	80	1	1.076
900	100	90	1	1.04
900	100	100	1	1.012
950	100	10	1	1.86
950	100	20	1	1.86
950	100	30	1	1.604
950	100	40	1	1.408
950	100	50	1	1.308
950	100	60	1	1.192
950	100	70	1	1.131
950	100	80	1	1.096
950	100	90	1	1.06
950	100	100	1	1.028
1000	100	10	1	1.887
1000	100	20	1	1.888
1000	100	30	1	1.612
1000	100	40	1	1.448
1000	100	50	1	1.321
1000	100	60	1	1.204
1000	100	70	1	1.16
1000	100	80	1	1.104
1000	100	90	1	1.072
1000	100	100	1	1.04
500	150	10	1	1.724
500	150	20	1	1.724
500	150	30	1	1.468
500	150	40	1	1.32
500	150	50	1	1.204
500	150	60	1	1.091
500	150	70	1	1.052
500	150	80	1	1.016
500	150	90	1	0.976
500	150	100	1	0.945
550	150	10	1	1.76
550	150	20	1	1.76
550	150	30	1	1.516
550	150	40	1	1.321
550	150	50	1	1.236
550	150	60	1	1.12
550	150	70	1	1.06
550	150	80	1	1.044
550	150	90	1	0.992
550	150	100	1	0.968
600	150	10	1	1.804
600	150	20	1	1.804
600	150	30	1	1.548
600	150	40	1	1.376
600	150	50	1	1.252
600	150	60	1	1.143
600	150	70	1	1.088
600	150	80	1	1.056
600	150	90	1	1.008
600	150	100	1	0.981
650	150	10	1	1.832
650	150	20	1	1.832
650	150	30	1	1.572
650	150	40	1	1.397
650	150	50	1	1.256
650	150	60	1	1.184
650	150	70	1	1.104
650	150	80	1	1.064
650	150	90	1	1.02
650	150	100	1	1.004
700	150	10	1	1.86
700	150	20	1	1.86
700	150	30	1	1.584
700	150	40	1	1.42
700	150	50	1	1.292
700	150	60	1	1.199
700	150	70	1	1.128
700	150	80	1	1.092
700	150	90	1	1.04
700	150	100	1	1.013
750	150	10	1	1.892
750	150	20	1	1.892
750	150	30	1	1.628
750	150	40	1	1.425
750	150	50	1	1.324
750	150	60	1	1.22
750	150	70	1	1.14
750	150	80	1	1.096
750	150	90	1	1.064
750	150	100	1	1.032
800	150	10	1	1.92
800	150	20	1	1.92
800	150	30	1	1.636
800	150	40	1	1.468
800	150	50	1	1.34
800	150	60	1	1.215
800	150	70	1	1.164
800	150	80	1	1.128
800	150	90	1	1.072
800	150	100	1	1.049
850	150	10	1	1.956
850	150	20	1	1.956
850	150	30	1	1.672
850	150	40	1	1.489
850	150	50	1	1.356
850	150	60	1	1.256
850	150	70	1	1.176
850	150	80	1	1.136
850	150	90	1	1.08
850	150	100	1	1.056
900	150	10	1	1.976
900	150	20	1	1.976
900	150	30	1	1.676
900	150	40	1	1.508
900	150	50	1	1.376
900	150	60	1	1.267
900	150	70	1	1.196
900	150	80	1	1.16
900	150	90	1	1.1
900	150	100	1	1.073
950	150	10	1	2.008
950	150	20	1	2.008
950	150	30	1	1.716
950	150	40	1	1.509
950	150	50	1	1.4
950	150	60	1	1.272
950	150	70	1	1.204
950	150	80	1	1.18
950	150	90	1	1.124
950	150	100	1	1.092
1000	150	10	1	2.032
1000	150	20	1	2.032
1000	150	30	1	1.724
1000	150	40	1	1.548
1000	150	50	1	1.412
1000	150	60	1	1.283
1000	150	70	1	1.232
1000	150	80	1	1.188
1000	150	90	1	1.132
1000	150	100	1	1.101
500	200	10	1	1.86
500	200	20	1	1.86
500	200	30	1	1.569
500	200	40	1	1.412
500	200	50	1	1.268
500	200	60	1	1.164
500	200	70	1	1.136
500	200	80	1	1.076
500	200	90	1	1.044
500	200	100	1	1.004
550	200	10	1	1.896
550	200	20	1	1.896
550	200	30	1	1.616
550	200	40	1	1.412
550	200	50	1	1.295
550	200	60	1	1.208
550	200	70	1	1.144
550	200	80	1	1.108
550	200	90	1	1.061
550	200	100	1	1.024
600	200	10	1	1.94
600	200	20	1	1.94
600	200	30	1	1.649
600	200	40	1	1.468
600	200	50	1	1.316
600	200	60	1	1.216
600	200	70	1	1.172
600	200	80	1	1.116
600	200	90	1	1.076
600	200	100	1	1.04
650	200	10	1	1.968
650	200	20	1	1.968
650	200	30	1	1.672
650	200	40	1	1.488
650	200	50	1	1.331
650	200	60	1	1.26
650	200	70	1	1.188
650	200	80	1	1.124
650	200	90	1	1.089
650	200	100	1	1.068
700	200	10	1	1.996
700	200	20	1	1.996
700	200	30	1	1.685
700	200	40	1	1.512
700	200	50	1	1.356
700	200	60	1	1.272
700	200	70	1	1.212
700	200	80	1	1.152
700	200	90	1	1.108
700	200	100	1	1.072
750	200	10	1	2.024
750	200	20	1	2.024
750	200	30	1	1.728
750	200	40	1	1.516
750	200	50	1	1.383
750	200	60	1	1.276
750	200	70	1	1.224
750	200	80	1	1.156
750	200	90	1	1.133
750	200	100	1	1.092
800	200	10	1	2.052
800	200	20	1	2.052
800	200	30	1	1.737
800	200	40	1	1.556
800	200	50	1	1.396
800	200	60	1	1.288
800	200	70	1	1.248
800	200	80	1	1.188
800	200	90	1	1.148
800	200	100	1	1.104
850	200	10	1	2.088
850	200	20	1	2.088
850	200	30	1	1.772
850	200	40	1	1.576
850	200	50	1	1.407
850	200	60	1	1.328
850	200	70	1	1.256
850	200	80	1	1.196
850	200	90	1	1.161
850	200	100	1	1.116
900	200	10	1	2.104
900	200	20	1	2.104
900	200	30	1	1.777
900	200	40	1	1.584
900	200	50	1	1.428
900	200	60	1	1.34
900	200	70	1	1.276
900	200	80	1	1.22
900	200	90	1	1.18
900	200	100	1	1.136
950	200	10	1	2.136
950	200	20	1	2.136
950	200	30	1	1.816
950	200	40	1	1.58
950	200	50	1	1.467
950	200	60	1	1.36
950	200	70	1	1.284
950	200	80	1	1.24
950	200	90	1	1.201
950	200	100	1	1.148
1000	200	10	1	2.16
1000	200	20	1	2.16
1000	200	30	1	1.825
1000	200	40	1	1.64
1000	200	50	1	1.48
1000	200	60	1	1.368
1000	200	70	1	1.312
1000	200	80	1	1.256
1000	200	90	1	1.204
1000	200	100	1	1.164
500	250	10	1	1.984
500	250	20	1	1.984
500	250	30	1	1.672
500	250	40	1	1.483
500	250	50	1	1.372
500	250	60	1	1.244
500	250	70	1	1.204
500	250	80	1	1.145
500	250	90	1	1.112
500	250	100	1	1.068
550	250	10	1	2.02
550	250	20	1	2.021
550	250	30	1	1.72
550	250	40	1	1.484
550	250	50	1	1.4
550	250	60	1	1.288
550	250	70	1	1.212
550	250	80	1	1.172
550	250	90	1	1.132
550	250	100	1	1.087
600	250	10	1	2.064
600	250	20	1	2.064
600	250	30	1	1.752
600	250	40	1	1.539
600	250	50	1	1.42
600	250	60	1	1.312
600	250	70	1	1.24
600	250	80	1	1.185
600	250	90	1	1.14
600	250	100	1	1.104
650	250	10	1	2.092
650	250	20	1	2.093
650	250	30	1	1.776
650	250	40	1	1.56
650	250	50	1	1.436
650	250	60	1	1.34
650	250	70	1	1.256
650	250	80	1	1.192
650	250	90	1	1.152
650	250	100	1	1.131
700	250	10	1	2.12
700	250	20	1	2.12
700	250	30	1	1.788
700	250	40	1	1.583
700	250	50	1	1.46
700	250	60	1	1.356
700	250	70	1	1.28
700	250	80	1	1.221
700	250	90	1	1.176
700	250	100	1	1.14
750	250	10	1	2.152
750	250	20	1	2.153
750	250	30	1	1.832
750	250	40	1	1.588
750	250	50	1	1.488
750	250	60	1	1.372
750	250	70	1	1.292
750	250	80	1	1.224
750	250	90	1	1.196
750	250	100	1	1.155
800	250	10	1	2.18
800	250	20	1	2.18
800	250	30	1	1.84
800	250	40	1	1.631
800	250	50	1	1.5
800	250	60	1	1.368
800	250	70	1	1.316
800	250	80	1	1.257
800	250	90	1	1.208
800	250	100	1	1.172
850	250	10	1	2.216
850	250	20	1	2.217
850	250	30	1	1.876
850	250	40	1	1.652
850	250	50	1	1.516
850	250	60	1	1.412
850	250	70	1	1.328
850	250	80	1	1.264
850	250	90	1	1.216
850	250	100	1	1.175
900	250	10	1	2.228
900	250	20	1	2.228
900	250	30	1	1.884
900	250	40	1	1.671
900	250	50	1	1.536
900	250	60	1	1.42
900	250	70	1	1.348
900	250	80	1	1.285
900	250	90	1	1.236
900	250	100	1	1.196
950	250	10	1	2.26
950	250	20	1	2.261
950	250	30	1	1.924
950	250	40	1	1.672
950	250	50	1	1.56
950	250	60	1	1.444
950	250	70	1	1.356
950	250	80	1	1.304
950	250	90	1	1.26
950	250	100	1	1.211
1000	250	10	1	2.284
1000	250	20	1	2.284
1000	250	30	1	1.928
1000	250	40	1	1.711
1000	250	50	1	1.572
1000	250	60	1	1.452
1000	250	70	1	1.384
1000	250	80	1	1.309
1000	250	90	1	1.268
1000	250	100	1	1.228
500	300	10	1	2.101
500	300	20	1	2.1
500	300	30	1	1.768
500	300	40	1	1.584
500	300	50	1	1.416
500	300	60	1	1.32
500	300	70	1	1.272
500	300	80	1	1.208
500	300	90	1	1.155
500	300	100	1	1.112
550	300	10	1	2.136
550	300	20	1	2.136
550	300	30	1	1.815
550	300	40	1	1.568
550	300	50	1	1.444
550	300	60	1	1.348
550	300	70	1	1.285
550	300	80	1	1.236
550	300	90	1	1.176
550	300	100	1	1.128
600	300	10	1	2.181
600	300	20	1	2.18
600	300	30	1	1.848
600	300	40	1	1.624
600	300	50	1	1.464
600	300	60	1	1.356
600	300	70	1	1.328
600	300	80	1	1.248
600	300	90	1	1.187
600	300	100	1	1.14
650	300	10	1	2.208
650	300	20	1	2.208
650	300	30	1	1.871
650	300	40	1	1.644
650	300	50	1	1.484
650	300	60	1	1.4
650	300	70	1	1.345
650	300	80	1	1.256
650	300	90	1	1.2
650	300	100	1	1.168
700	300	10	1	2.237
700	300	20	1	2.236
700	300	30	1	1.884
700	300	40	1	1.684
700	300	50	1	1.504
700	300	60	1	1.416
700	300	70	1	1.348
700	300	80	1	1.284
700	300	90	1	1.219
700	300	100	1	1.18
750	300	10	1	2.268
750	300	20	1	2.268
750	300	30	1	1.927
750	300	40	1	1.688
750	300	50	1	1.528
750	300	60	1	1.436
750	300	70	1	1.361
750	300	80	1	1.288
750	300	90	1	1.244
750	300	100	1	1.2
800	300	10	1	2.297
800	300	20	1	2.296
800	300	30	1	1.936
800	300	40	1	1.732
800	300	50	1	1.548
800	300	60	1	1.444
800	300	70	1	1.384
800	300	80	1	1.316
800	300	90	1	1.251
800	300	100	1	1.208
850	300	10	1	2.332
850	300	20	1	2.332
850	300	30	1	1.971
850	300	40	1	1.752
850	300	50	1	1.564
850	300	60	1	1.452
850	300	70	1	1.397
850	300	80	1	1.324
850	300	90	1	1.26
850	300	100	1	1.216
900	300	10	1	2.349
900	300	20	1	2.348
900	300	30	1	1.98
900	300	40	1	1.772
900	300	50	1	1.584
900	300	60	1	1.48
900	300	70	1	1.432
900	300	80	1	1.348
900	300	90	1	1.279
900	300	100	1	1.236
950	300	10	1	2.38
950	300	20	1	2.38
950	300	30	1	2.019
950	300	40	1	1.772
950	300	50	1	1.604
950	300	60	1	1.504
950	300	70	1	1.425
950	300	80	1	1.368
950	300	90	1	1.3
950	300	100	1	1.256
1000	300	10	1	2.405
1000	300	20	1	2.404
1000	300	30	1	2.028
1000	300	40	1	1.812
1000	300	50	1	1.62
1000	300	60	1	1.508
1000	300	70	1	1.452
1000	300	80	1	1.376
1000	300	90	1	1.311
1000	300	100	1	1.268
500	350	10	1	2.208
500	350	20	1	2.207
500	350	30	1	1.844
500	350	40	1	1.668
500	350	50	1	1.488
500	350	60	1	1.389
500	350	70	1	1.348
500	350	80	1	1.264
500	350	90	1	1.216
500	350	100	1	1.164
550	350	10	1	2.248
550	350	20	1	2.248
550	350	30	1	1.892
550	350	40	1	1.668
550	350	50	1	1.516
550	350	60	1	1.42
550	350	70	1	1.344
550	350	80	1	1.291
550	350	90	1	1.236
550	350	100	1	1.192
600	350	10	1	2.292
600	350	20	1	2.291
600	350	30	1	1.924
600	350	40	1	1.724
600	350	50	1	1.54
600	350	60	1	1.425
600	350	70	1	1.388
600	350	80	1	1.304
600	350	90	1	1.248
600	350	100	1	1.2
650	350	10	1	2.32
650	350	20	1	2.32
650	350	30	1	1.948
650	350	40	1	1.744
650	350	50	1	1.56
650	350	60	1	1.448
650	350	70	1	1.388
650	350	80	1	1.311
650	350	90	1	1.26
650	350	100	1	1.228
700	350	10	1	2.344
700	350	20	1	2.343
700	350	30	1	1.96
700	350	40	1	1.768
700	350	50	1	1.576
700	350	60	1	1.481
700	350	70	1	1.408
700	350	80	1	1.34
700	350	90	1	1.28
700	350	100	1	1.236
750	350	10	1	2.368
750	350	20	1	2.368
750	350	30	1	2.032
750	350	40	1	1.768
750	350	50	1	1.604
750	350	60	1	1.504
750	350	70	1	1.408
750	350	80	1	1.343
750	350	90	1	1.304
750	350	100	1	1.256
800	350	10	1	2.392
800	350	20	1	2.391
800	350	30	1	2.036
800	350	40	1	1.812
800	350	50	1	1.62
800	350	60	1	1.513
800	350	70	1	1.432
800	350	80	1	1.376
800	350	90	1	1.316
800	350	100	1	1.264
850	350	10	1	2.424
850	350	20	1	2.424
850	350	30	1	2.072
850	350	40	1	1.832
850	350	50	1	1.644
850	350	60	1	1.516
850	350	70	1	1.44
850	350	80	1	1.383
850	350	90	1	1.32
850	350	100	1	1.272
900	350	10	1	2.44
900	350	20	1	2.439
900	350	30	1	2.076
900	350	40	1	1.856
900	350	50	1	1.66
900	350	60	1	1.545
900	350	70	1	1.476
900	350	80	1	1.404
900	350	90	1	1.336
900	350	100	1	1.296
950	350	10	1	2.496
950	350	20	1	2.496
950	350	30	1	2.112
950	350	40	1	1.852
950	350	50	1	1.676
950	350	60	1	1.564
950	350	70	1	1.484
950	350	80	1	1.423
950	350	90	1	1.356
950	350	100	1	1.308
1000	350	10	1	2.516
1000	350	20	1	2.515
1000	350	30	1	2.116
1000	350	40	1	1.904
1000	350	50	1	1.692
1000	350	60	1	1.577
1000	350	70	1	1.508
1000	350	80	1	1.428
1000	350	90	1	1.368
1000	350	100	1	1.332
500	400	10	1	2.324
500	400	20	1	2.324
500	400	30	1	1.956
500	400	40	1	1.744
500	400	50	1	1.56
500	400	60	1	1.452
500	400	70	1	1.395
500	400	80	1	1.328
500	400	90	1	1.268
500	400	100	1	1.216
550	400	10	1	2.359
550	400	20	1	2.36
550	400	30	1	2.004
550	400	40	1	1.744
550	400	50	1	1.589
550	400	60	1	1.48
550	400	70	1	1.404
550	400	80	1	1.356
550	400	90	1	1.288
550	400	100	1	1.236
600	400	10	1	2.404
600	400	20	1	2.404
600	400	30	1	2.036
600	400	40	1	1.8
600	400	50	1	1.608
600	400	60	1	1.5
600	400	70	1	1.415
600	400	80	1	1.384
600	400	90	1	1.3
600	400	100	1	1.248
650	400	10	1	2.431
650	400	20	1	2.432
650	400	30	1	2.06
650	400	40	1	1.82
650	400	50	1	1.629
650	400	60	1	1.508
650	400	70	1	1.452
650	400	80	1	1.376
650	400	90	1	1.312
650	400	100	1	1.276
700	400	10	1	2.46
700	400	20	1	2.46
700	400	30	1	2.072
700	400	40	1	1.844
700	400	50	1	1.648
700	400	60	1	1.54
700	400	70	1	1.471
700	400	80	1	1.404
700	400	90	1	1.332
700	400	100	1	1.284
750	400	10	1	2.491
750	400	20	1	2.492
750	400	30	1	2.112
750	400	40	1	1.848
750	400	50	1	1.677
750	400	60	1	1.564
750	400	70	1	1.468
750	400	80	1	1.408
750	400	90	1	1.356
750	400	100	1	1.308
800	400	10	1	2.508
800	400	20	1	2.508
800	400	30	1	2.12
800	400	40	1	1.888
800	400	50	1	1.688
800	400	60	1	1.568
800	400	70	1	1.491
800	400	80	1	1.44
800	400	90	1	1.368
800	400	100	1	1.316
850	400	10	1	2.543
850	400	20	1	2.544
850	400	30	1	2.156
850	400	40	1	1.908
850	400	50	1	1.705
850	400	60	1	1.592
850	400	70	1	1.52
850	400	80	1	1.44
850	400	90	1	1.376
850	400	100	1	1.32
900	400	10	1	2.564
900	400	20	1	2.564
900	400	30	1	2.164
900	400	40	1	1.928
900	400	50	1	1.728
900	400	60	1	1.604
900	400	70	1	1.535
900	400	80	1	1.464
900	400	90	1	1.392
900	400	100	1	1.34
950	400	10	1	2.591
950	400	20	1	2.592
950	400	30	1	2.204
950	400	40	1	1.928
950	400	50	1	1.753
950	400	60	1	1.628
950	400	70	1	1.528
950	400	80	1	1.484
950	400	90	1	1.412
950	400	100	1	1.36
1000	400	10	1	2.616
1000	400	20	1	2.616
1000	400	30	1	2.208
1000	400	40	1	1.968
1000	400	50	1	1.76
1000	400	60	1	1.64
1000	400	70	1	1.579
1000	400	80	1	1.492
1000	400	90	1	1.424
1000	400	100	1	1.368
500	450	10	1	2.404
500	450	20	1	2.404
500	450	30	1	2.044
500	450	40	1	1.805
500	450	50	1	1.632
500	450	60	1	1.52
500	450	70	1	1.456
500	450	80	1	1.364
500	450	90	1	1.32
500	450	100	1	1.272
550	450	10	1	2.444
550	450	20	1	2.444
550	450	30	1	2.092
550	450	40	1	1.804
550	450	50	1	1.66
550	450	60	1	1.547
550	450	70	1	1.464
550	450	80	1	1.392
550	450	90	1	1.34
550	450	100	1	1.293
600	450	10	1	2.488
600	450	20	1	2.488
600	450	30	1	2.124
600	450	40	1	1.861
600	450	50	1	1.68
600	450	60	1	1.572
600	450	70	1	1.476
600	450	80	1	1.42
600	450	90	1	1.352
600	450	100	1	1.3
650	450	10	1	2.516
650	450	20	1	2.516
650	450	30	1	2.148
650	450	40	1	1.88
650	450	50	1	1.7
650	450	60	1	1.591
650	450	70	1	1.512
650	450	80	1	1.412
650	450	90	1	1.364
650	450	100	1	1.329
700	450	10	1	2.54
700	450	20	1	2.54
700	450	30	1	2.16
700	450	40	1	1.905
700	450	50	1	1.72
700	450	60	1	1.612
700	450	70	1	1.532
700	450	80	1	1.44
700	450	90	1	1.384
700	450	100	1	1.336
750	450	10	1	2.572
750	450	20	1	2.572
750	450	30	1	2.204
750	450	40	1	1.908
750	450	50	1	1.748
750	450	60	1	1.631
750	450	70	1	1.544
750	450	80	1	1.444
750	450	90	1	1.408
750	450	100	1	1.357
800	450	10	1	2.6
800	450	20	1	2.6
800	450	30	1	2.212
800	450	40	1	1.949
800	450	50	1	1.764
800	450	60	1	1.64
800	450	70	1	1.568
800	450	80	1	1.476
800	450	90	1	1.416
800	450	100	1	1.368
850	450	10	1	2.632
850	450	20	1	2.632
850	450	30	1	2.248
850	450	40	1	1.968
850	450	50	1	1.776
850	450	60	1	1.659
850	450	70	1	1.564
850	450	80	1	1.5
850	450	90	1	1.424
850	450	100	1	1.361
900	450	10	1	2.668
900	450	20	1	2.668
900	450	30	1	2.252
900	450	40	1	1.989
900	450	50	1	1.796
900	450	60	1	1.676
900	450	70	1	1.6
900	450	80	1	1.504
900	450	90	1	1.448
900	450	100	1	1.38
950	450	10	1	2.696
950	450	20	1	2.696
950	450	30	1	2.292
950	450	40	1	1.988
950	450	50	1	1.82
950	450	60	1	1.695
950	450	70	1	1.604
950	450	80	1	1.524
950	450	90	1	1.452
950	450	100	1	1.401
1000	450	10	1	2.716
1000	450	20	1	2.716
1000	450	30	1	2.296
1000	450	40	1	2.025
1000	450	50	1	1.832
1000	450	60	1	1.704
1000	450	70	1	1.632
1000	450	80	1	1.532
1000	450	90	1	1.464
1000	450	100	1	1.408
500	500	10	1	2.52
500	500	20	1	2.52
500	500	30	1	2.1
500	500	40	1	1.904
500	500	50	1	1.711
500	500	60	1	1.568
500	500	70	1	1.524
500	500	80	1	1.428
500	500	90	1	1.369
500	500	100	1	1.316
550	500	10	1	2.556
550	500	20	1	2.556
550	500	30	1	2.153
550	500	40	1	1.908
550	500	50	1	1.74
550	500	60	1	1.6
550	500	70	1	1.54
550	500	80	1	1.456
550	500	90	1	1.388
550	500	100	1	1.336
600	500	10	1	2.6
600	500	20	1	2.6
600	500	30	1	2.184
600	500	40	1	1.964
600	500	50	1	1.759
600	500	60	1	1.628
600	500	70	1	1.548
600	500	80	1	1.468
600	500	90	1	1.401
600	500	100	1	1.348
650	500	10	1	2.628
650	500	20	1	2.628
650	500	30	1	2.209
650	500	40	1	1.984
650	500	50	1	1.78
650	500	60	1	1.644
650	500	70	1	1.564
650	500	80	1	1.492
650	500	90	1	1.412
650	500	100	1	1.376
700	500	10	1	2.656
700	500	20	1	2.656
700	500	30	1	2.216
700	500	40	1	2.004
700	500	50	1	1.799
700	500	60	1	1.66
700	500	70	1	1.6
700	500	80	1	1.504
700	500	90	1	1.433
700	500	100	1	1.384
750	500	10	1	2.684
750	500	20	1	2.684
750	500	30	1	2.261
750	500	40	1	2.008
750	500	50	1	1.828
750	500	60	1	1.676
750	500	70	1	1.616
750	500	80	1	1.504
750	500	90	1	1.456
750	500	100	1	1.4
800	500	10	1	2.712
800	500	20	1	2.712
800	500	30	1	2.268
800	500	40	1	2.048
800	500	50	1	1.843
800	500	60	1	1.712
800	500	70	1	1.636
800	500	80	1	1.536
800	500	90	1	1.465
800	500	100	1	1.416
850	500	10	1	2.748
850	500	20	1	2.748
850	500	30	1	2.301
850	500	40	1	2.064
850	500	50	1	1.856
850	500	60	1	1.732
850	500	70	1	1.632
850	500	80	1	1.56
850	500	90	1	1.472
850	500	100	1	1.42
900	500	10	1	2.764
900	500	20	1	2.764
900	500	30	1	2.332
900	500	40	1	2.088
900	500	50	1	1.875
900	500	60	1	1.744
900	500	70	1	1.664
900	500	80	1	1.584
900	500	90	1	1.493
900	500	100	1	1.44
950	500	10	1	2.792
950	500	20	1	2.792
950	500	30	1	2.361
950	500	40	1	2.088
950	500	50	1	1.9
950	500	60	1	1.76
950	500	70	1	1.676
950	500	80	1	1.6
950	500	90	1	1.512
950	500	100	1	1.456
1000	500	10	1	2.816
1000	500	20	1	2.816
1000	500	30	1	2.364
1000	500	40	1	2.128
1000	500	50	1	1.907
1000	500	60	1	1.772
1000	500	70	1	1.7
1000	500	80	1	1.592
1000	500	90	1	1.525
1000	500	100	1	1.464
500	100	10	2	1.609
500	100	20	2	1.608
500	100	30	2	1.38
500	100	40	2	1.248
500	100	50	2	1.132
500	100	60	2	1.028
500	100	70	2	0.992
500	100	80	2	0.952
500	100	90	2	0.911
500	100	100	2	0.9
550	100	10	2	1.644
550	100	20	2	1.644
550	100	30	2	1.427
550	100	40	2	1.252
550	100	50	2	1.164
550	100	60	2	1.056
550	100	70	2	1.001
550	100	80	2	0.96
550	100	90	2	0.932
550	100	100	2	0.916
600	100	10	2	1.689
600	100	20	2	1.688
600	100	30	2	1.46
600	100	40	2	1.3
600	100	50	2	1.184
600	100	60	2	1.08
600	100	70	2	1.028
600	100	80	2	0.992
600	100	90	2	0.947
600	100	100	2	0.936
650	100	10	2	1.716
650	100	20	2	1.716
650	100	30	2	1.483
650	100	40	2	1.324
650	100	50	2	1.2
650	100	60	2	1.12
650	100	70	2	1.041
650	100	80	2	1.004
650	100	90	2	0.96
650	100	100	2	0.956
700	100	10	2	1.745
700	100	20	2	1.744
700	100	30	2	1.496
700	100	40	2	1.348
700	100	50	2	1.224
700	100	60	2	1.136
700	100	70	2	1.068
700	100	80	2	1.028
700	100	90	2	0.979
700	100	100	2	0.964
750	100	10	2	1.78
750	100	20	2	1.78
750	100	30	2	1.535
750	100	40	2	1.364
750	100	50	2	1.252
750	100	60	2	1.156
750	100	70	2	1.081
750	100	80	2	1.036
750	100	90	2	1.004
750	100	100	2	0.984
800	100	10	2	1.809
800	100	20	2	1.808
800	100	30	2	1.548
800	100	40	2	1.392
800	100	50	2	1.268
800	100	60	2	1.16
800	100	70	2	1.104
800	100	80	2	1.064
800	100	90	2	1.011
800	100	100	2	1
850	100	10	2	1.84
850	100	20	2	1.84
850	100	30	2	1.583
850	100	40	2	1.412
850	100	50	2	1.288
850	100	60	2	1.192
850	100	70	2	1.113
850	100	80	2	1.072
850	100	90	2	1.02
850	100	100	2	1.012
900	100	10	2	1.865
900	100	20	2	1.864
900	100	30	2	1.596
900	100	40	2	1.436
900	100	50	2	1.308
900	100	60	2	1.212
900	100	70	2	1.136
900	100	80	2	1.096
900	100	90	2	1.043
900	100	100	2	1.028
950	100	10	2	1.892
950	100	20	2	1.892
950	100	30	2	1.635
950	100	40	2	1.452
950	100	50	2	1.328
950	100	60	2	1.216
950	100	70	2	1.145
950	100	80	2	1.116
950	100	90	2	1.064
950	100	100	2	1.048
1000	100	10	2	1.925
1000	100	20	2	1.924
1000	100	30	2	1.644
1000	100	40	2	1.48
1000	100	50	2	1.344
1000	100	60	2	1.232
1000	100	70	2	1.168
1000	100	80	2	1.128
1000	100	90	2	1.071
1000	100	100	2	1.056
500	150	10	2	1.752
500	150	20	2	1.751
500	150	30	2	1.496
500	150	40	2	1.348
500	150	50	2	1.224
500	150	60	2	1.109
500	150	70	2	1.068
500	150	80	2	1.024
500	150	90	2	0.992
500	150	100	2	0.948
550	150	10	2	1.788
550	150	20	2	1.788
550	150	30	2	1.544
550	150	40	2	1.352
550	150	50	2	1.252
550	150	60	2	1.152
550	150	70	2	1.076
550	150	80	2	1.031
550	150	90	2	1.016
550	150	100	2	0.968
600	150	10	2	1.832
600	150	20	2	1.831
600	150	30	2	1.576
600	150	40	2	1.4
600	150	50	2	1.272
600	150	60	2	1.161
600	150	70	2	1.104
600	150	80	2	1.064
600	150	90	2	1.028
600	150	100	2	0.984
650	150	10	2	1.86
650	150	20	2	1.86
650	150	30	2	1.6
650	150	40	2	1.424
650	150	50	2	1.288
650	150	60	2	1.2
650	150	70	2	1.116
650	150	80	2	1.075
650	150	90	2	1.036
650	150	100	2	1.004
700	150	10	2	1.888
700	150	20	2	1.887
700	150	30	2	1.612
700	150	40	2	1.448
700	150	50	2	1.316
700	150	60	2	1.201
700	150	70	2	1.144
700	150	80	2	1.1
700	150	90	2	1.056
700	150	100	2	1.012
750	150	10	2	1.924
750	150	20	2	1.924
750	150	30	2	1.652
750	150	40	2	1.464
750	150	50	2	1.34
750	150	60	2	1.236
750	150	70	2	1.156
750	150	80	2	1.107
750	150	90	2	1.084
750	150	100	2	1.032
800	150	10	2	1.952
800	150	20	2	1.951
800	150	30	2	1.664
800	150	40	2	1.492
800	150	50	2	1.356
800	150	60	2	1.241
800	150	70	2	1.18
800	150	80	2	1.136
800	150	90	2	1.092
800	150	100	2	1.044
850	150	10	2	1.984
850	150	20	2	1.984
850	150	30	2	1.7
850	150	40	2	1.512
850	150	50	2	1.376
850	150	60	2	1.276
850	150	70	2	1.188
850	150	80	2	1.143
850	150	90	2	1.096
850	150	100	2	1.056
900	150	10	2	2.008
900	150	20	2	2.007
900	150	30	2	1.708
900	150	40	2	1.536
900	150	50	2	1.396
900	150	60	2	1.293
900	150	70	2	1.212
900	150	80	2	1.168
900	150	90	2	1.116
900	150	100	2	1.08
950	150	10	2	2.036
950	150	20	2	2.036
950	150	30	2	1.752
950	150	40	2	1.548
950	150	50	2	1.416
950	150	60	2	1.308
950	150	70	2	1.22
950	150	80	2	1.187
950	150	90	2	1.14
950	150	100	2	1.1
1000	150	10	2	2.068
1000	150	20	2	2.067
1000	150	30	2	1.76
1000	150	40	2	1.576
1000	150	50	2	1.432
1000	150	60	2	1.309
1000	150	70	2	1.244
1000	150	80	2	1.2
1000	150	90	2	1.148
1000	150	100	2	1.108
500	200	10	2	1.892
500	200	20	2	1.892
500	200	30	2	1.596
500	200	40	2	1.44
500	200	50	2	1.288
500	200	60	2	1.18
500	200	70	2	1.147
500	200	80	2	1.088
500	200	90	2	1.052
500	200	100	2	1.02
550	200	10	2	1.931
550	200	20	2	1.932
550	200	30	2	1.644
550	200	40	2	1.444
550	200	50	2	1.317
550	200	60	2	1.224
550	200	70	2	1.156
550	200	80	2	1.096
550	200	90	2	1.072
550	200	100	2	1.036
600	200	10	2	1.976
600	200	20	2	1.976
600	200	30	2	1.676
600	200	40	2	1.492
600	200	50	2	1.336
600	200	60	2	1.248
600	200	70	2	1.199
600	200	80	2	1.128
600	200	90	2	1.084
600	200	100	2	1.056
650	200	10	2	2.003
650	200	20	2	2.004
650	200	30	2	1.7
650	200	40	2	1.516
650	200	50	2	1.353
650	200	60	2	1.272
650	200	70	2	1.196
650	200	80	2	1.14
650	200	90	2	1.1
650	200	100	2	1.08
700	200	10	2	2.028
700	200	20	2	2.028
700	200	30	2	1.712
700	200	40	2	1.54
700	200	50	2	1.38
700	200	60	2	1.288
700	200	70	2	1.223
700	200	80	2	1.164
700	200	90	2	1.116
700	200	100	2	1.088
750	200	10	2	2.063
750	200	20	2	2.064
750	200	30	2	1.752
750	200	40	2	1.556
750	200	50	2	1.405
750	200	60	2	1.308
750	200	70	2	1.236
750	200	80	2	1.172
750	200	90	2	1.144
750	200	100	2	1.104
800	200	10	2	2.092
800	200	20	2	2.092
800	200	30	2	1.764
800	200	40	2	1.58
800	200	50	2	1.416
800	200	60	2	1.328
800	200	70	2	1.259
800	200	80	2	1.2
800	200	90	2	1.152
800	200	100	2	1.116
850	200	10	2	2.119
850	200	20	2	2.12
850	200	30	2	1.8
850	200	40	2	1.6
850	200	50	2	1.433
850	200	60	2	1.348
850	200	70	2	1.268
850	200	80	2	1.208
850	200	90	2	1.172
850	200	100	2	1.128
900	200	10	2	2.144
900	200	20	2	2.144
900	200	30	2	1.804
900	200	40	2	1.624
900	200	50	2	1.452
900	200	60	2	1.368
900	200	70	2	1.287
900	200	80	2	1.232
900	200	90	2	1.192
900	200	100	2	1.148
950	200	10	2	2.167
950	200	20	2	2.168
950	200	30	2	1.844
950	200	40	2	1.62
950	200	50	2	1.473
950	200	60	2	1.376
950	200	70	2	1.296
950	200	80	2	1.252
950	200	90	2	1.208
950	200	100	2	1.164
1000	200	10	2	2.2
1000	200	20	2	2.2
1000	200	30	2	1.852
1000	200	40	2	1.668
1000	200	50	2	1.504
1000	200	60	2	1.396
1000	200	70	2	1.319
1000	200	80	2	1.264
1000	200	90	2	1.216
1000	200	100	2	1.172
500	250	10	2	2.016
500	250	20	2	2.016
500	250	30	2	1.692
500	250	40	2	1.513
500	250	50	2	1.388
500	250	60	2	1.26
500	250	70	2	1.208
500	250	80	2	1.156
500	250	90	2	1.124
500	250	100	2	1.084
550	250	10	2	2.052
550	250	20	2	2.052
550	250	30	2	1.74
550	250	40	2	1.516
550	250	50	2	1.416
550	250	60	2	1.303
550	250	70	2	1.216
550	250	80	2	1.164
550	250	90	2	1.144
550	250	100	2	1.097
600	250	10	2	2.096
600	250	20	2	2.096
600	250	30	2	1.772
600	250	40	2	1.565
600	250	50	2	1.436
600	250	60	2	1.328
600	250	70	2	1.26
600	250	80	2	1.196
600	250	90	2	1.156
600	250	100	2	1.116
650	250	10	2	2.124
650	250	20	2	2.124
650	250	30	2	1.796
650	250	40	2	1.588
650	250	50	2	1.456
650	250	60	2	1.355
650	250	70	2	1.256
650	250	80	2	1.208
650	250	90	2	1.168
650	250	100	2	1.141
700	250	10	2	2.152
700	250	20	2	2.152
700	250	30	2	1.808
700	250	40	2	1.613
700	250	50	2	1.48
700	250	60	2	1.368
700	250	70	2	1.284
700	250	80	2	1.232
700	250	90	2	1.192
700	250	100	2	1.148
750	250	10	2	2.184
750	250	20	2	2.184
750	250	30	2	1.848
750	250	40	2	1.628
750	250	50	2	1.504
750	250	60	2	1.387
750	250	70	2	1.296
750	250	80	2	1.24
750	250	90	2	1.212
750	250	100	2	1.169
800	250	10	2	2.212
800	250	20	2	2.212
800	250	30	2	1.86
800	250	40	2	1.657
800	250	50	2	1.52
800	250	60	2	1.408
800	250	70	2	1.32
800	250	80	2	1.268
800	250	90	2	1.224
800	250	100	2	1.176
850	250	10	2	2.244
850	250	20	2	2.244
850	250	30	2	1.896
850	250	40	2	1.676
850	250	50	2	1.54
850	250	60	2	1.407
850	250	70	2	1.328
850	250	80	2	1.276
850	250	90	2	1.232
850	250	100	2	1.185
900	250	10	2	2.268
900	250	20	2	2.268
900	250	30	2	1.904
900	250	40	2	1.701
900	250	50	2	1.56
900	250	60	2	1.44
900	250	70	2	1.352
900	250	80	2	1.3
900	250	90	2	1.252
900	250	100	2	1.208
950	250	10	2	2.288
950	250	20	2	2.288
950	250	30	2	1.944
950	250	40	2	1.712
950	250	50	2	1.576
950	250	60	2	1.459
950	250	70	2	1.36
950	250	80	2	1.316
950	250	90	2	1.272
950	250	100	2	1.225
1000	250	10	2	2.316
1000	250	20	2	2.316
1000	250	30	2	1.948
1000	250	40	2	1.741
1000	250	50	2	1.596
1000	250	60	2	1.472
1000	250	70	2	1.384
1000	250	80	2	1.328
1000	250	90	2	1.284
1000	250	100	2	1.232
500	300	10	2	2.132
500	300	20	2	2.132
500	300	30	2	1.8
500	300	40	2	1.596
500	300	50	2	1.431
500	300	60	2	1.356
500	300	70	2	1.276
500	300	80	2	1.22
500	300	90	2	1.173
500	300	100	2	1.128
550	300	10	2	2.168
550	300	20	2	2.168
550	300	30	2	1.849
550	300	40	2	1.6
550	300	50	2	1.456
550	300	60	2	1.388
550	300	70	2	1.284
550	300	80	2	1.228
550	300	90	2	1.192
550	300	100	2	1.144
600	300	10	2	2.212
600	300	20	2	2.212
600	300	30	2	1.88
600	300	40	2	1.648
600	300	50	2	1.479
600	300	60	2	1.392
600	300	70	2	1.328
600	300	80	2	1.26
600	300	90	2	1.205
600	300	100	2	1.156
650	300	10	2	2.24
650	300	20	2	2.24
650	300	30	2	1.905
650	300	40	2	1.672
650	300	50	2	1.5
650	300	60	2	1.416
650	300	70	2	1.324
650	300	80	2	1.272
650	300	90	2	1.216
650	300	100	2	1.18
700	300	10	2	2.268
700	300	20	2	2.268
700	300	30	2	1.916
700	300	40	2	1.696
700	300	50	2	1.523
700	300	60	2	1.452
700	300	70	2	1.352
700	300	80	2	1.296
700	300	90	2	1.237
700	300	100	2	1.192
750	300	10	2	2.304
750	300	20	2	2.304
750	300	30	2	1.957
750	300	40	2	1.712
750	300	50	2	1.544
750	300	60	2	1.472
750	300	70	2	1.364
750	300	80	2	1.304
750	300	90	2	1.26
750	300	100	2	1.212
800	300	10	2	2.332
800	300	20	2	2.332
800	300	30	2	1.964
800	300	40	2	1.756
800	300	50	2	1.563
800	300	60	2	1.492
800	300	70	2	1.388
800	300	80	2	1.332
800	300	90	2	1.273
800	300	100	2	1.22
850	300	10	2	2.364
850	300	20	2	2.364
850	300	30	2	2.001
850	300	40	2	1.776
850	300	50	2	1.584
850	300	60	2	1.488
850	300	70	2	1.408
850	300	80	2	1.34
850	300	90	2	1.276
850	300	100	2	1.228
900	300	10	2	2.384
900	300	20	2	2.384
900	300	30	2	2.008
900	300	40	2	1.796
900	300	50	2	1.599
900	300	60	2	1.524
900	300	70	2	1.416
900	300	80	2	1.36
900	300	90	2	1.297
900	300	100	2	1.252
950	300	10	2	2.412
950	300	20	2	2.412
950	300	30	2	2.049
950	300	40	2	1.812
950	300	50	2	1.62
950	300	60	2	1.544
950	300	70	2	1.424
950	300	80	2	1.38
950	300	90	2	1.316
950	300	100	2	1.272
1000	300	10	2	2.44
1000	300	20	2	2.44
1000	300	30	2	2.056
1000	300	40	2	1.84
1000	300	50	2	1.635
1000	300	60	2	1.556
1000	300	70	2	1.448
1000	300	80	2	1.392
1000	300	90	2	1.329
1000	300	100	2	1.276
500	350	10	2	2.244
500	350	20	2	2.244
500	350	30	2	1.871
500	350	40	2	1.692
500	350	50	2	1.524
500	350	60	2	1.404
500	350	70	2	1.341
500	350	80	2	1.284
500	350	90	2	1.228
500	350	100	2	1.184
550	350	10	2	2.285
550	350	20	2	2.284
550	350	30	2	1.92
550	350	40	2	1.696
550	350	50	2	1.548
550	350	60	2	1.436
550	350	70	2	1.348
550	350	80	2	1.292
550	350	90	2	1.247
550	350	100	2	1.2
600	350	10	2	2.328
600	350	20	2	2.328
600	350	30	2	1.951
600	350	40	2	1.744
600	350	50	2	1.572
600	350	60	2	1.456
600	350	70	2	1.365
600	350	80	2	1.324
600	350	90	2	1.26
600	350	100	2	1.216
650	350	10	2	2.357
650	350	20	2	2.356
650	350	30	2	1.976
650	350	40	2	1.768
650	350	50	2	1.592
650	350	60	2	1.48
650	350	70	2	1.388
650	350	80	2	1.336
650	350	90	2	1.271
650	350	100	2	1.24
700	350	10	2	2.38
700	350	20	2	2.38
700	350	30	2	1.987
700	350	40	2	1.792
700	350	50	2	1.616
700	350	60	2	1.5
700	350	70	2	1.433
700	350	80	2	1.36
700	350	90	2	1.292
700	350	100	2	1.248
750	350	10	2	2.417
750	350	20	2	2.416
750	350	30	2	2.028
750	350	40	2	1.804
750	350	50	2	1.636
750	350	60	2	1.516
750	350	70	2	1.444
750	350	80	2	1.364
750	350	90	2	1.315
750	350	100	2	1.264
800	350	10	2	2.432
800	350	20	2	2.432
800	350	30	2	2.067
800	350	40	2	1.832
800	350	50	2	1.652
800	350	60	2	1.532
800	350	70	2	1.437
800	350	80	2	1.392
800	350	90	2	1.328
800	350	100	2	1.276
850	350	10	2	2.461
850	350	20	2	2.46
850	350	30	2	2.1
850	350	40	2	1.852
850	350	50	2	1.684
850	350	60	2	1.528
850	350	70	2	1.46
850	350	80	2	1.4
850	350	90	2	1.331
850	350	100	2	1.288
900	350	10	2	2.5
900	350	20	2	2.5
900	350	30	2	2.103
900	350	40	2	1.88
900	350	50	2	1.7
900	350	60	2	1.564
900	350	70	2	1.469
900	350	80	2	1.424
900	350	90	2	1.348
900	350	100	2	1.308
950	350	10	2	2.533
950	350	20	2	2.532
950	350	30	2	2.14
950	350	40	2	1.888
950	350	50	2	1.712
950	350	60	2	1.584
950	350	70	2	1.504
950	350	80	2	1.44
950	350	90	2	1.367
950	350	100	2	1.328
1000	350	10	2	2.556
1000	350	20	2	2.556
1000	350	30	2	2.143
1000	350	40	2	1.928
1000	350	50	2	1.728
1000	350	60	2	1.596
1000	350	70	2	1.513
1000	350	80	2	1.448
1000	350	90	2	1.38
1000	350	100	2	1.344
500	400	10	2	2.331
500	400	20	2	2.332
500	400	30	2	1.956
500	400	40	2	1.772
500	400	50	2	1.593
500	400	60	2	1.468
500	400	70	2	1.4
500	400	80	2	1.324
500	400	90	2	1.284
500	400	100	2	1.232
550	400	10	2	2.368
550	400	20	2	2.368
550	400	30	2	2.004
550	400	40	2	1.776
550	400	50	2	1.62
550	400	60	2	1.496
550	400	70	2	1.407
550	400	80	2	1.332
550	400	90	2	1.304
550	400	100	2	1.248
600	400	10	2	2.411
600	400	20	2	2.412
600	400	30	2	2.036
600	400	40	2	1.824
600	400	50	2	1.641
600	400	60	2	1.516
600	400	70	2	1.42
600	400	80	2	1.38
600	400	90	2	1.316
600	400	100	2	1.264
650	400	10	2	2.44
650	400	20	2	2.44
650	400	30	2	2.06
650	400	40	2	1.848
650	400	50	2	1.66
650	400	60	2	1.54
650	400	70	2	1.447
650	400	80	2	1.376
650	400	90	2	1.328
650	400	100	2	1.288
700	400	10	2	2.467
700	400	20	2	2.468
700	400	30	2	2.072
700	400	40	2	1.872
700	400	50	2	1.685
700	400	60	2	1.56
700	400	70	2	1.476
700	400	80	2	1.4
700	400	90	2	1.348
700	400	100	2	1.296
750	400	10	2	2.532
750	400	20	2	2.532
750	400	30	2	2.14
750	400	40	2	1.884
750	400	50	2	1.708
750	400	60	2	1.58
750	400	70	2	1.487
750	400	80	2	1.42
750	400	90	2	1.372
750	400	100	2	1.32
800	400	10	2	2.555
800	400	20	2	2.556
800	400	30	2	2.148
800	400	40	2	1.912
800	400	50	2	1.725
800	400	60	2	1.6
800	400	70	2	1.512
800	400	80	2	1.448
800	400	90	2	1.384
800	400	100	2	1.328
850	400	10	2	2.58
850	400	20	2	2.58
850	400	30	2	2.184
850	400	40	2	1.932
850	400	50	2	1.744
850	400	60	2	1.612
850	400	70	2	1.523
850	400	80	2	1.468
850	400	90	2	1.392
850	400	100	2	1.336
900	400	10	2	2.603
900	400	20	2	2.604
900	400	30	2	2.192
900	400	40	2	1.956
900	400	50	2	1.761
900	400	60	2	1.632
900	400	70	2	1.544
900	400	80	2	1.472
900	400	90	2	1.412
900	400	100	2	1.352
950	400	10	2	2.628
950	400	20	2	2.628
950	400	30	2	2.232
950	400	40	2	1.968
950	400	50	2	1.784
950	400	60	2	1.648
950	400	70	2	1.551
950	400	80	2	1.492
950	400	90	2	1.428
950	400	100	2	1.372
1000	400	10	2	2.655
1000	400	20	2	2.656
1000	400	30	2	2.236
1000	400	40	2	1.996
1000	400	50	2	1.801
1000	400	60	2	1.664
1000	400	70	2	1.584
1000	400	80	2	1.504
1000	400	90	2	1.44
1000	400	100	2	1.38
500	450	10	2	2.44
500	450	20	2	2.44
500	450	30	2	2.072
500	450	40	2	1.828
500	450	50	2	1.652
500	450	60	2	1.531
500	450	70	2	1.46
500	450	80	2	1.38
500	450	90	2	1.336
500	450	100	2	1.285
550	450	10	2	2.476
550	450	20	2	2.476
550	450	30	2	2.096
550	450	40	2	1.833
550	450	50	2	1.68
550	450	60	2	1.56
550	450	70	2	1.472
550	450	80	2	1.388
550	450	90	2	1.356
550	450	100	2	1.304
600	450	10	2	2.52
600	450	20	2	2.52
600	450	30	2	2.128
600	450	40	2	1.88
600	450	50	2	1.7
600	450	60	2	1.583
600	450	70	2	1.48
600	450	80	2	1.436
600	450	90	2	1.352
600	450	100	2	1.317
650	450	10	2	2.548
650	450	20	2	2.548
650	450	30	2	2.152
650	450	40	2	1.905
650	450	50	2	1.72
650	450	60	2	1.604
650	450	70	2	1.492
650	450	80	2	1.432
650	450	90	2	1.38
650	450	100	2	1.34
700	450	10	2	2.576
700	450	20	2	2.576
700	450	30	2	2.188
700	450	40	2	1.928
700	450	50	2	1.744
700	450	60	2	1.623
700	450	70	2	1.54
700	450	80	2	1.456
700	450	90	2	1.4
700	450	100	2	1.349
750	450	10	2	2.612
750	450	20	2	2.612
750	450	30	2	2.228
750	450	40	2	1.945
750	450	50	2	1.768
750	450	60	2	1.644
750	450	70	2	1.556
750	450	80	2	1.464
750	450	90	2	1.424
750	450	100	2	1.368
800	450	10	2	2.64
800	450	20	2	2.64
800	450	30	2	2.24
800	450	40	2	1.968
800	450	50	2	1.78
800	450	60	2	1.663
800	450	70	2	1.572
800	450	80	2	1.492
800	450	90	2	1.436
800	450	100	2	1.381
850	450	10	2	2.668
850	450	20	2	2.668
850	450	30	2	2.276
850	450	40	2	1.989
850	450	50	2	1.8
850	450	60	2	1.68
850	450	70	2	1.564
850	450	80	2	1.5
850	450	90	2	1.44
850	450	100	2	1.376
900	450	10	2	2.708
900	450	20	2	2.708
900	450	30	2	2.284
900	450	40	2	2.012
900	450	50	2	1.82
900	450	60	2	1.695
900	450	70	2	1.604
900	450	80	2	1.524
900	450	90	2	1.46
900	450	100	2	1.393
950	450	10	2	2.732
950	450	20	2	2.732
950	450	30	2	2.32
950	450	40	2	2.025
950	450	50	2	1.84
950	450	60	2	1.708
950	450	70	2	1.612
950	450	80	2	1.544
950	450	90	2	1.484
950	450	100	2	1.412
1000	450	10	2	2.756
1000	450	20	2	2.756
1000	450	30	2	2.328
1000	450	40	2	2.048
1000	450	50	2	1.856
1000	450	60	2	1.727
1000	450	70	2	1.632
1000	450	80	2	1.552
1000	450	90	2	1.48
1000	450	100	2	1.421
500	500	10	2	2.56
500	500	20	2	2.56
500	500	30	2	2.137
500	500	40	2	1.936
500	500	50	2	1.736
500	500	60	2	1.592
500	500	70	2	1.532
500	500	80	2	1.444
500	500	90	2	1.38
500	500	100	2	1.332
550	500	10	2	2.596
550	500	20	2	2.596
550	500	30	2	2.184
550	500	40	2	1.94
550	500	50	2	1.763
550	500	60	2	1.62
550	500	70	2	1.536
550	500	80	2	1.468
550	500	90	2	1.401
550	500	100	2	1.348
600	500	10	2	2.64
600	500	20	2	2.64
600	500	30	2	2.217
600	500	40	2	1.988
600	500	50	2	1.784
600	500	60	2	1.644
600	500	70	2	1.564
600	500	80	2	1.484
600	500	90	2	1.412
600	500	100	2	1.364
650	500	10	2	2.668
650	500	20	2	2.668
650	500	30	2	2.24
650	500	40	2	2.012
650	500	50	2	1.803
650	500	60	2	1.668
650	500	70	2	1.576
650	500	80	2	1.512
650	500	90	2	1.425
650	500	100	2	1.388
700	500	10	2	2.696
700	500	20	2	2.696
700	500	30	2	2.253
700	500	40	2	2.036
700	500	50	2	1.828
700	500	60	2	1.684
700	500	70	2	1.604
700	500	80	2	1.536
700	500	90	2	1.444
700	500	100	2	1.396
750	500	10	2	2.728
750	500	20	2	2.728
750	500	30	2	2.288
750	500	40	2	2.048
750	500	50	2	1.851
750	500	60	2	1.696
750	500	70	2	1.62
750	500	80	2	1.544
750	500	90	2	1.469
750	500	100	2	1.416
800	500	10	2	2.756
800	500	20	2	2.756
800	500	30	2	2.301
800	500	40	2	2.072
800	500	50	2	1.864
800	500	60	2	1.72
800	500	70	2	1.64
800	500	80	2	1.556
800	500	90	2	1.48
800	500	100	2	1.424
850	500	10	2	2.784
850	500	20	2	2.784
850	500	30	2	2.336
850	500	40	2	2.088
850	500	50	2	1.883
850	500	60	2	1.752
850	500	70	2	1.644
850	500	80	2	1.576
850	500	90	2	1.485
850	500	100	2	1.432
900	500	10	2	2.808
900	500	20	2	2.808
900	500	30	2	2.341
900	500	40	2	2.12
900	500	50	2	1.904
900	500	60	2	1.772
900	500	70	2	1.668
900	500	80	2	1.584
900	500	90	2	1.504
900	500	100	2	1.452
950	500	10	2	2.832
950	500	20	2	2.832
950	500	30	2	2.404
950	500	40	2	2.128
950	500	50	2	1.919
950	500	60	2	1.784
950	500	70	2	1.68
950	500	80	2	1.604
950	500	90	2	1.525
950	500	100	2	1.472
1000	500	10	2	2.86
1000	500	20	2	2.86
1000	500	30	2	2.401
1000	500	40	2	2.156
1000	500	50	2	1.936
1000	500	60	2	1.8
1000	500	70	2	1.7
1000	500	80	2	1.612
1000	500	90	2	1.536
1000	500	100	2	1.484
500	100	10	3	1.64
500	100	20	3	1.64
500	100	30	3	1.408
500	100	40	3	1.268
500	100	50	3	1.14
500	100	60	3	1.044
500	100	70	3	1.008
500	100	80	3	0.959
500	100	90	3	0.932
500	100	100	3	0.9
550	100	10	3	1.676
550	100	20	3	1.675
550	100	30	3	1.456
550	100	40	3	1.288
550	100	50	3	1.172
550	100	60	3	1.073
550	100	70	3	1.016
550	100	80	3	0.968
550	100	90	3	0.952
550	100	100	3	0.92
600	100	10	3	1.72
600	100	20	3	1.72
600	100	30	3	1.484
600	100	40	3	1.324
600	100	50	3	1.188
600	100	60	3	1.096
600	100	70	3	1.044
600	100	80	3	0.999
600	100	90	3	0.96
600	100	100	3	0.936
650	100	10	3	1.752
650	100	20	3	1.751
650	100	30	3	1.508
650	100	40	3	1.344
650	100	50	3	1.208
650	100	60	3	1.137
650	100	70	3	1.064
650	100	80	3	1.012
650	100	90	3	0.968
650	100	100	3	0.96
700	100	10	3	1.78
700	100	20	3	1.78
700	100	30	3	1.524
700	100	40	3	1.372
700	100	50	3	1.232
700	100	60	3	1.136
700	100	70	3	1.084
700	100	80	3	1.035
700	100	90	3	0.996
700	100	100	3	0.968
750	100	10	3	1.812
750	100	20	3	1.811
750	100	30	3	1.564
750	100	40	3	1.372
750	100	50	3	1.26
750	100	60	3	1.173
750	100	70	3	1.096
750	100	80	3	1.044
750	100	90	3	1.02
750	100	100	3	0.988
800	100	10	3	1.84
800	100	20	3	1.84
800	100	30	3	1.576
800	100	40	3	1.416
800	100	50	3	1.276
800	100	60	3	1.176
800	100	70	3	1.12
800	100	80	3	1.075
800	100	90	3	1.028
800	100	100	3	1
850	100	10	3	1.876
850	100	20	3	1.875
850	100	30	3	1.612
850	100	40	3	1.436
850	100	50	3	1.296
850	100	60	3	1.205
850	100	70	3	1.14
850	100	80	3	1.08
850	100	90	3	1.036
850	100	100	3	1.012
900	100	10	3	1.896
900	100	20	3	1.896
900	100	30	3	1.62
900	100	40	3	1.46
900	100	50	3	1.316
900	100	60	3	1.228
900	100	70	3	1.156
900	100	80	3	1.103
900	100	90	3	1.056
900	100	100	3	1.032
950	100	10	3	1.928
950	100	20	3	1.927
950	100	30	3	1.66
950	100	40	3	1.476
950	100	50	3	1.34
950	100	60	3	1.245
950	100	70	3	1.164
950	100	80	3	1.104
950	100	90	3	1.084
950	100	100	3	1.044
1000	100	10	3	1.956
1000	100	20	3	1.956
1000	100	30	3	1.668
1000	100	40	3	1.504
1000	100	50	3	1.352
1000	100	60	3	1.256
1000	100	70	3	1.188
1000	100	80	3	1.135
1000	100	90	3	1.088
1000	100	100	3	1.056
500	150	10	3	1.787
500	150	20	3	1.788
500	150	30	3	1.528
500	150	40	3	1.348
500	150	50	3	1.249
500	150	60	3	1.136
500	150	70	3	1.08
500	150	80	3	1.028
500	150	90	3	1.008
500	150	100	3	0.956
550	150	10	3	1.824
550	150	20	3	1.824
550	150	30	3	1.576
550	150	40	3	1.368
550	150	50	3	1.28
550	150	60	3	1.18
550	150	70	3	1.087
550	150	80	3	1.036
550	150	90	3	1.032
550	150	100	3	0.976
600	150	10	3	1.867
600	150	20	3	1.868
600	150	30	3	1.604
600	150	40	3	1.404
600	150	50	3	1.297
600	150	60	3	1.188
600	150	70	3	1.116
600	150	80	3	1.068
600	150	90	3	1.04
600	150	100	3	0.992
650	150	10	3	1.9
650	150	20	3	1.9
650	150	30	3	1.628
650	150	40	3	1.424
650	150	50	3	1.312
650	150	60	3	1.232
650	150	70	3	1.135
650	150	80	3	1.08
650	150	90	3	1.048
650	150	100	3	1.016
700	150	10	3	1.927
700	150	20	3	1.928
700	150	30	3	1.644
700	150	40	3	1.452
700	150	50	3	1.341
700	150	60	3	1.244
700	150	70	3	1.156
700	150	80	3	1.104
700	150	90	3	1.072
700	150	100	3	1.028
750	150	10	3	1.96
750	150	20	3	1.96
750	150	30	3	1.684
750	150	40	3	1.452
750	150	50	3	1.368
750	150	60	3	1.264
750	150	70	3	1.167
750	150	80	3	1.112
750	150	90	3	1.1
750	150	100	3	1.044
800	150	10	3	1.991
800	150	20	3	1.992
800	150	30	3	1.696
800	150	40	3	1.496
800	150	50	3	1.385
800	150	60	3	1.268
800	150	70	3	1.192
800	150	80	3	1.144
800	150	90	3	1.108
800	150	100	3	1.06
850	150	10	3	2.028
850	150	20	3	2.028
850	150	30	3	1.732
850	150	40	3	1.516
850	150	50	3	1.4
850	150	60	3	1.296
850	150	70	3	1.207
850	150	80	3	1.148
850	150	90	3	1.116
850	150	100	3	1.072
900	150	10	3	2.047
900	150	20	3	2.048
900	150	30	3	1.74
900	150	40	3	1.536
900	150	50	3	1.421
900	150	60	3	1.324
900	150	70	3	1.224
900	150	80	3	1.172
900	150	90	3	1.14
900	150	100	3	1.092
950	150	10	3	2.08
950	150	20	3	2.08
950	150	30	3	1.78
950	150	40	3	1.556
950	150	50	3	1.444
950	150	60	3	1.324
950	150	70	3	1.231
950	150	80	3	1.172
950	150	90	3	1.164
950	150	100	3	1.104
1000	150	10	3	2.107
1000	150	20	3	2.108
1000	150	30	3	1.792
1000	150	40	3	1.584
1000	150	50	3	1.461
1000	150	60	3	1.352
1000	150	70	3	1.26
1000	150	80	3	1.204
1000	150	90	3	1.168
1000	150	100	3	1.12
500	200	10	3	1.928
500	200	20	3	1.928
500	200	30	3	1.624
500	200	40	3	1.456
500	200	50	3	1.32
500	200	60	3	1.215
500	200	70	3	1.16
500	200	80	3	1.104
500	200	90	3	1.068
500	200	100	3	1.037
550	200	10	3	1.948
550	200	20	3	1.948
550	200	30	3	1.672
550	200	40	3	1.481
550	200	50	3	1.352
550	200	60	3	1.244
550	200	70	3	1.168
550	200	80	3	1.112
550	200	90	3	1.088
550	200	100	3	1.052
600	200	10	3	1.992
600	200	20	3	1.992
600	200	30	3	1.7
600	200	40	3	1.516
600	200	50	3	1.368
600	200	60	3	1.267
600	200	70	3	1.2
600	200	80	3	1.144
600	200	90	3	1.1
600	200	100	3	1.069
650	200	10	3	2.024
650	200	20	3	2.024
650	200	30	3	1.724
650	200	40	3	1.537
650	200	50	3	1.384
650	200	60	3	1.296
650	200	70	3	1.216
650	200	80	3	1.156
650	200	90	3	1.108
650	200	100	3	1.096
700	200	10	3	2.068
700	200	20	3	2.068
700	200	30	3	1.74
700	200	40	3	1.56
700	200	50	3	1.412
700	200	60	3	1.311
700	200	70	3	1.236
700	200	80	3	1.18
700	200	90	3	1.132
700	200	100	3	1.105
750	200	10	3	2.1
750	200	20	3	2.1
750	200	30	3	1.78
750	200	40	3	1.561
750	200	50	3	1.44
750	200	60	3	1.324
750	200	70	3	1.252
750	200	80	3	1.188
750	200	90	3	1.16
750	200	100	3	1.12
800	200	10	3	2.128
800	200	20	3	2.128
800	200	30	3	1.792
800	200	40	3	1.604
800	200	50	3	1.456
800	200	60	3	1.343
800	200	70	3	1.276
800	200	80	3	1.22
800	200	90	3	1.168
800	200	100	3	1.133
850	200	10	3	2.16
850	200	20	3	2.16
850	200	30	3	1.828
850	200	40	3	1.625
850	200	50	3	1.472
850	200	60	3	1.34
850	200	70	3	1.308
850	200	80	3	1.224
850	200	90	3	1.176
850	200	100	3	1.144
900	200	10	3	2.18
900	200	20	3	2.18
900	200	30	3	1.832
900	200	40	3	1.644
900	200	50	3	1.484
900	200	60	3	1.379
900	200	70	3	1.308
900	200	80	3	1.248
900	200	90	3	1.204
900	200	100	3	1.165
950	200	10	3	2.208
950	200	20	3	2.208
950	200	30	3	1.872
950	200	40	3	1.657
950	200	50	3	1.504
950	200	60	3	1.4
950	200	70	3	1.312
950	200	80	3	1.248
950	200	90	3	1.232
950	200	100	3	1.18
1000	200	10	3	2.236
1000	200	20	3	2.236
1000	200	30	3	1.88
1000	200	40	3	1.672
1000	200	50	3	1.52
1000	200	60	3	1.407
1000	200	70	3	1.336
1000	200	80	3	1.28
1000	200	90	3	1.232
1000	200	100	3	1.189
500	250	10	3	2.044
500	250	20	3	2.044
500	250	30	3	1.721
500	250	40	3	1.532
500	250	50	3	1.404
500	250	60	3	1.292
500	250	70	3	1.22
500	250	80	3	1.172
500	250	90	3	1.132
500	250	100	3	1.096
550	250	10	3	2.08
550	250	20	3	2.08
550	250	30	3	1.768
550	250	40	3	1.552
550	250	50	3	1.435
550	250	60	3	1.324
550	250	70	3	1.228
550	250	80	3	1.18
550	250	90	3	1.153
550	250	100	3	1.116
600	250	10	3	2.124
600	250	20	3	2.124
600	250	30	3	1.797
600	250	40	3	1.588
600	250	50	3	1.452
600	250	60	3	1.34
600	250	70	3	1.272
600	250	80	3	1.212
600	250	90	3	1.164
600	250	100	3	1.128
650	250	10	3	2.156
650	250	20	3	2.156
650	250	30	3	1.82
650	250	40	3	1.608
650	250	50	3	1.471
650	250	60	3	1.352
650	250	70	3	1.276
650	250	80	3	1.224
650	250	90	3	1.173
650	250	100	3	1.156
700	250	10	3	2.184
700	250	20	3	2.184
700	250	30	3	1.837
700	250	40	3	1.636
700	250	50	3	1.496
700	250	60	3	1.388
700	250	70	3	1.296
700	250	80	3	1.248
700	250	90	3	1.196
700	250	100	3	1.164
750	250	10	3	2.216
750	250	20	3	2.216
750	250	30	3	1.876
750	250	40	3	1.636
750	250	50	3	1.523
750	250	60	3	1.408
750	250	70	3	1.308
750	250	80	3	1.256
750	250	90	3	1.221
750	250	100	3	1.184
800	250	10	3	2.244
800	250	20	3	2.244
800	250	30	3	1.889
800	250	40	3	1.68
800	250	50	3	1.54
800	250	60	3	1.424
800	250	70	3	1.332
800	250	80	3	1.288
800	250	90	3	1.232
800	250	100	3	1.192
850	250	10	3	2.28
850	250	20	3	2.28
850	250	30	3	1.924
850	250	40	3	1.7
850	250	50	3	1.555
850	250	60	3	1.42
850	250	70	3	1.364
850	250	80	3	1.292
850	250	90	3	1.241
850	250	100	3	1.204
900	250	10	3	2.3
900	250	20	3	2.3
900	250	30	3	1.933
900	250	40	3	1.72
900	250	50	3	1.576
900	250	60	3	1.46
900	250	70	3	1.364
900	250	80	3	1.316
900	250	90	3	1.26
900	250	100	3	1.224
950	250	10	3	2.332
950	250	20	3	2.332
950	250	30	3	1.972
950	250	40	3	1.732
950	250	50	3	1.595
950	250	60	3	1.48
950	250	70	3	1.372
950	250	80	3	1.316
950	250	90	3	1.285
950	250	100	3	1.24
1000	250	10	3	2.352
1000	250	20	3	2.352
1000	250	30	3	1.981
1000	250	40	3	1.76
1000	250	50	3	1.612
1000	250	60	3	1.488
1000	250	70	3	1.396
1000	250	80	3	1.344
1000	250	90	3	1.292
1000	250	100	3	1.248
500	300	10	3	2.168
500	300	20	3	2.168
500	300	30	3	1.828
500	300	40	3	1.619
500	300	50	3	1.464
500	300	60	3	1.376
500	300	70	3	1.292
500	300	80	3	1.237
500	300	90	3	1.188
500	300	100	3	1.14
550	300	10	3	2.204
550	300	20	3	2.205
550	300	30	3	1.872
550	300	40	3	1.64
550	300	50	3	1.496
550	300	60	3	1.408
550	300	70	3	1.3
550	300	80	3	1.244
550	300	90	3	1.208
550	300	100	3	1.155
600	300	10	3	2.248
600	300	20	3	2.248
600	300	30	3	1.9
600	300	40	3	1.675
600	300	50	3	1.512
600	300	60	3	1.432
600	300	70	3	1.344
600	300	80	3	1.277
600	300	90	3	1.22
600	300	100	3	1.168
650	300	10	3	2.28
650	300	20	3	2.281
650	300	30	3	1.924
650	300	40	3	1.696
650	300	50	3	1.532
650	300	60	3	1.436
650	300	70	3	1.364
650	300	80	3	1.288
650	300	90	3	1.228
650	300	100	3	1.195
700	300	10	3	2.308
700	300	20	3	2.308
700	300	30	3	1.944
700	300	40	3	1.723
700	300	50	3	1.556
700	300	60	3	1.468
700	300	70	3	1.368
700	300	80	3	1.313
700	300	90	3	1.252
700	300	100	3	1.204
750	300	10	3	2.34
750	300	20	3	2.341
750	300	30	3	1.984
750	300	40	3	1.724
750	300	50	3	1.584
750	300	60	3	1.492
750	300	70	3	1.38
750	300	80	3	1.32
750	300	90	3	1.276
750	300	100	3	1.227
800	300	10	3	2.368
800	300	20	3	2.368
800	300	30	3	1.996
800	300	40	3	1.767
800	300	50	3	1.6
800	300	60	3	1.512
800	300	70	3	1.404
800	300	80	3	1.353
800	300	90	3	1.288
800	300	100	3	1.236
850	300	10	3	2.4
850	300	20	3	2.401
850	300	30	3	2.032
850	300	40	3	1.784
850	300	50	3	1.616
850	300	60	3	1.516
850	300	70	3	1.436
850	300	80	3	1.356
850	300	90	3	1.296
850	300	100	3	1.243
900	300	10	3	2.42
900	300	20	3	2.42
900	300	30	3	2.04
900	300	40	3	1.819
900	300	50	3	1.636
900	300	60	3	1.544
900	300	70	3	1.452
900	300	80	3	1.381
900	300	90	3	1.312
900	300	100	3	1.268
950	300	10	3	2.452
950	300	20	3	2.453
950	300	30	3	2.08
950	300	40	3	1.836
950	300	50	3	1.66
950	300	60	3	1.56
950	300	70	3	1.44
950	300	80	3	1.376
950	300	90	3	1.336
950	300	100	3	1.283
1000	300	10	3	2.48
1000	300	20	3	2.48
1000	300	30	3	2.084
1000	300	40	3	1.867
1000	300	50	3	1.672
1000	300	60	3	1.572
1000	300	70	3	1.464
1000	300	80	3	1.409
1000	300	90	3	1.344
1000	300	100	3	1.292
500	350	10	3	2.257
500	350	20	3	2.256
500	350	30	3	1.904
500	350	40	3	1.716
500	350	50	3	1.544
500	350	60	3	1.424
500	350	70	3	1.356
500	350	80	3	1.296
500	350	90	3	1.243
500	350	100	3	1.196
550	350	10	3	2.268
550	350	20	3	2.268
550	350	30	3	1.959
550	350	40	3	1.736
550	350	50	3	1.576
550	350	60	3	1.452
550	350	70	3	1.365
550	350	80	3	1.304
550	350	90	3	1.264
550	350	100	3	1.22
600	350	10	3	2.313
600	350	20	3	2.312
600	350	30	3	1.988
600	350	40	3	1.772
600	350	50	3	1.592
600	350	60	3	1.472
600	350	70	3	1.376
600	350	80	3	1.352
600	350	90	3	1.275
600	350	100	3	1.232
650	350	10	3	2.344
650	350	20	3	2.344
650	350	30	3	2.011
650	350	40	3	1.792
650	350	50	3	1.612
650	350	60	3	1.48
650	350	70	3	1.417
650	350	80	3	1.348
650	350	90	3	1.284
650	350	100	3	1.26
700	350	10	3	2.397
700	350	20	3	2.396
700	350	30	3	2.02
700	350	40	3	1.82
700	350	50	3	1.636
700	350	60	3	1.512
700	350	70	3	1.432
700	350	80	3	1.372
700	350	90	3	1.307
700	350	100	3	1.264
750	350	10	3	2.428
750	350	20	3	2.428
750	350	30	3	2.055
750	350	40	3	1.816
750	350	50	3	1.66
750	350	60	3	1.536
750	350	70	3	1.441
750	350	80	3	1.38
750	350	90	3	1.332
750	350	100	3	1.284
800	350	10	3	2.445
800	350	20	3	2.444
800	350	30	3	2.068
800	350	40	3	1.86
800	350	50	3	1.676
800	350	60	3	1.552
800	350	70	3	1.448
800	350	80	3	1.412
800	350	90	3	1.343
800	350	100	3	1.292
850	350	10	3	2.476
850	350	20	3	2.476
850	350	30	3	2.127
850	350	40	3	1.88
850	350	50	3	1.692
850	350	60	3	1.56
850	350	70	3	1.481
850	350	80	3	1.412
850	350	90	3	1.352
850	350	100	3	1.3
900	350	10	3	2.489
900	350	20	3	2.488
900	350	30	3	2.132
900	350	40	3	1.896
900	350	50	3	1.72
900	350	60	3	1.584
900	350	70	3	1.496
900	350	80	3	1.436
900	350	90	3	1.367
900	350	100	3	1.32
950	350	10	3	2.52
950	350	20	3	2.52
950	350	30	3	2.167
950	350	40	3	1.916
950	350	50	3	1.74
950	350	60	3	1.6
950	350	70	3	1.501
950	350	80	3	1.432
950	350	90	3	1.388
950	350	100	3	1.34
1000	350	10	3	2.573
1000	350	20	3	2.572
1000	350	30	3	2.176
1000	350	40	3	1.944
1000	350	50	3	1.748
1000	350	60	3	1.612
1000	350	70	3	1.524
1000	350	80	3	1.464
1000	350	90	3	1.395
1000	350	100	3	1.344
500	400	10	3	2.368
500	400	20	3	2.367
500	400	30	3	1.984
500	400	40	3	1.796
500	400	50	3	1.616
500	400	60	3	1.489
500	400	70	3	1.42
500	400	80	3	1.34
500	400	90	3	1.3
500	400	100	3	1.244
550	400	10	3	2.404
550	400	20	3	2.404
550	400	30	3	2.032
550	400	40	3	1.816
550	400	50	3	1.648
550	400	60	3	1.516
550	400	70	3	1.424
550	400	80	3	1.347
550	400	90	3	1.32
550	400	100	3	1.264
600	400	10	3	2.448
600	400	20	3	2.447
600	400	30	3	2.06
600	400	40	3	1.852
600	400	50	3	1.664
600	400	60	3	1.541
600	400	70	3	1.436
600	400	80	3	1.38
600	400	90	3	1.332
600	400	100	3	1.276
650	400	10	3	2.48
650	400	20	3	2.48
650	400	30	3	2.084
650	400	40	3	1.872
650	400	50	3	1.684
650	400	60	3	1.56
650	400	70	3	1.476
650	400	80	3	1.407
650	400	90	3	1.34
650	400	100	3	1.304
700	400	10	3	2.508
700	400	20	3	2.507
700	400	30	3	2.1
700	400	40	3	1.9
700	400	50	3	1.708
700	400	60	3	1.581
700	400	70	3	1.496
700	400	80	3	1.416
700	400	90	3	1.364
700	400	100	3	1.312
750	400	10	3	2.54
750	400	20	3	2.54
750	400	30	3	2.14
750	400	40	3	1.896
750	400	50	3	1.736
750	400	60	3	1.596
750	400	70	3	1.508
750	400	80	3	1.423
750	400	90	3	1.388
750	400	100	3	1.332
800	400	10	3	2.592
800	400	20	3	2.591
800	400	30	3	2.18
800	400	40	3	1.94
800	400	50	3	1.748
800	400	60	3	1.617
800	400	70	3	1.512
800	400	80	3	1.468
800	400	90	3	1.4
800	400	100	3	1.344
850	400	10	3	2.62
850	400	20	3	2.62
850	400	30	3	2.216
850	400	40	3	1.96
850	400	50	3	1.764
850	400	60	3	1.624
850	400	70	3	1.528
850	400	80	3	1.471
850	400	90	3	1.408
850	400	100	3	1.352
900	400	10	3	2.636
900	400	20	3	2.635
900	400	30	3	2.22
900	400	40	3	1.98
900	400	50	3	1.784
900	400	60	3	1.653
900	400	70	3	1.544
900	400	80	3	1.492
900	400	90	3	1.428
900	400	100	3	1.372
950	400	10	3	2.668
950	400	20	3	2.668
950	400	30	3	2.26
950	400	40	3	1.992
950	400	50	3	1.812
950	400	60	3	1.668
950	400	70	3	1.568
950	400	80	3	1.487
950	400	90	3	1.452
950	400	100	3	1.384
1000	400	10	3	2.696
1000	400	20	3	2.695
1000	400	30	3	2.268
1000	400	40	3	2.024
1000	400	50	3	1.824
1000	400	60	3	1.677
1000	400	70	3	1.6
1000	400	80	3	1.52
1000	400	90	3	1.456
1000	400	100	3	1.396
500	450	10	3	2.476
500	450	20	3	2.476
500	450	30	3	2.08
500	450	40	3	1.852
500	450	50	3	1.688
500	450	60	3	1.556
500	450	70	3	1.483
500	450	80	3	1.4
500	450	90	3	1.332
500	450	100	3	1.296
550	450	10	3	2.511
550	450	20	3	2.512
550	450	30	3	2.132
550	450	40	3	1.872
550	450	50	3	1.721
550	450	60	3	1.584
550	450	70	3	1.488
550	450	80	3	1.408
550	450	90	3	1.352
550	450	100	3	1.32
600	450	10	3	2.556
600	450	20	3	2.556
600	450	30	3	2.16
600	450	40	3	1.908
600	450	50	3	1.736
600	450	60	3	1.608
600	450	70	3	1.515
600	450	80	3	1.46
600	450	90	3	1.364
600	450	100	3	1.332
650	450	10	3	2.587
650	450	20	3	2.588
650	450	30	3	2.184
650	450	40	3	1.928
650	450	50	3	1.757
650	450	60	3	1.632
650	450	70	3	1.52
650	450	80	3	1.468
650	450	90	3	1.372
650	450	100	3	1.36
700	450	10	3	2.616
700	450	20	3	2.616
700	450	30	3	2.196
700	450	40	3	1.956
700	450	50	3	1.78
700	450	60	3	1.648
700	450	70	3	1.555
700	450	80	3	1.492
700	450	90	3	1.396
700	450	100	3	1.364
750	450	10	3	2.647
750	450	20	3	2.648
750	450	30	3	2.236
750	450	40	3	1.956
750	450	50	3	1.805
750	450	60	3	1.664
750	450	70	3	1.568
750	450	80	3	1.484
750	450	90	3	1.42
750	450	100	3	1.384
800	450	10	3	2.676
800	450	20	3	2.676
800	450	30	3	2.272
800	450	40	3	1.996
800	450	50	3	1.82
800	450	60	3	1.688
800	450	70	3	1.591
800	450	80	3	1.512
800	450	90	3	1.448
800	450	100	3	1.396
850	450	10	3	2.707
850	450	20	3	2.708
850	450	30	3	2.308
850	450	40	3	2.016
850	450	50	3	1.837
850	450	60	3	1.696
850	450	70	3	1.592
850	450	80	3	1.532
850	450	90	3	1.456
850	450	100	3	1.392
900	450	10	3	2.744
900	450	20	3	2.744
900	450	30	3	2.316
900	450	40	3	2.036
900	450	50	3	1.856
900	450	60	3	1.72
900	450	70	3	1.619
900	450	80	3	1.54
900	450	90	3	1.472
900	450	100	3	1.412
950	450	10	3	2.771
950	450	20	3	2.772
950	450	30	3	2.356
950	450	40	3	2.052
950	450	50	3	1.877
950	450	60	3	1.732
950	450	70	3	1.632
950	450	80	3	1.54
950	450	90	3	1.5
950	450	100	3	1.424
1000	450	10	3	2.8
1000	450	20	3	2.8
1000	450	30	3	2.36
1000	450	40	3	2.076
1000	450	50	3	1.888
1000	450	60	3	1.744
1000	450	70	3	1.651
1000	450	80	3	1.572
1000	450	90	3	1.492
1000	450	100	3	1.44
500	500	10	3	2.596
500	500	20	3	2.596
500	500	30	3	2.164
500	500	40	3	1.933
500	500	50	3	1.752
500	500	60	3	1.608
500	500	70	3	1.544
500	500	80	3	1.476
500	500	90	3	1.396
500	500	100	3	1.344
550	500	10	3	2.632
550	500	20	3	2.632
550	500	30	3	2.212
550	500	40	3	1.952
550	500	50	3	1.788
550	500	60	3	1.631
550	500	70	3	1.556
550	500	80	3	1.484
550	500	90	3	1.416
550	500	100	3	1.365
600	500	10	3	2.676
600	500	20	3	2.676
600	500	30	3	2.24
600	500	40	3	1.989
600	500	50	3	1.804
600	500	60	3	1.66
600	500	70	3	1.564
600	500	80	3	1.5
600	500	90	3	1.428
600	500	100	3	1.376
650	500	10	3	2.708
650	500	20	3	2.708
650	500	30	3	2.264
650	500	40	3	2.008
650	500	50	3	1.824
650	500	60	3	1.683
650	500	70	3	1.584
650	500	80	3	1.528
650	500	90	3	1.436
650	500	100	3	1.405
700	500	10	3	2.736
700	500	20	3	2.736
700	500	30	3	2.28
700	500	40	3	2.037
700	500	50	3	1.844
700	500	60	3	1.7
700	500	70	3	1.62
700	500	80	3	1.536
700	500	90	3	1.46
700	500	100	3	1.412
750	500	10	3	2.764
750	500	20	3	2.764
750	500	30	3	2.32
750	500	40	3	2.064
750	500	50	3	1.872
750	500	60	3	1.719
750	500	70	3	1.636
750	500	80	3	1.56
750	500	90	3	1.484
750	500	100	3	1.433
800	500	10	3	2.792
800	500	20	3	2.792
800	500	30	3	2.332
800	500	40	3	2.105
800	500	50	3	1.888
800	500	60	3	1.736
800	500	70	3	1.66
800	500	80	3	1.576
800	500	90	3	1.496
800	500	100	3	1.444
850	500	10	3	2.828
850	500	20	3	2.828
850	500	30	3	2.364
850	500	40	3	2.12
850	500	50	3	1.904
850	500	60	3	1.747
850	500	70	3	1.672
850	500	80	3	1.6
850	500	90	3	1.504
850	500	100	3	1.453
900	500	10	3	2.844
900	500	20	3	2.844
900	500	30	3	2.372
900	500	40	3	2.137
900	500	50	3	1.924
900	500	60	3	1.788
900	500	70	3	1.692
900	500	80	3	1.616
900	500	90	3	1.524
900	500	100	3	1.468
950	500	10	3	2.876
950	500	20	3	2.876
950	500	30	3	2.432
950	500	40	3	2.156
950	500	50	3	1.944
950	500	60	3	1.803
950	500	70	3	1.696
950	500	80	3	1.616
950	500	90	3	1.548
950	500	100	3	1.485
1000	500	10	3	2.9
1000	500	20	3	2.9
1000	500	30	3	2.432
1000	500	40	3	2.185
1000	500	50	3	1.956
1000	500	60	3	1.816
1000	500	70	3	1.72
1000	500	80	3	1.632
1000	500	90	3	1.552
1000	500	100	3	1.496
500	100	10	4	1.664
500	100	20	4	1.664
500	100	30	4	1.432
500	100	40	4	1.283
500	100	50	4	1.16
500	100	60	4	1.072
500	100	70	4	1.02
500	100	80	4	0.973
500	100	90	4	0.948
500	100	100	4	0.904
550	100	10	4	1.7
550	100	20	4	1.701
550	100	30	4	1.48
550	100	40	4	1.292
550	100	50	4	1.192
550	100	60	4	1.116
550	100	70	4	1.032
550	100	80	4	0.98
550	100	90	4	0.964
550	100	100	4	0.923
600	100	10	4	1.748
600	100	20	4	1.748
600	100	30	4	1.504
600	100	40	4	1.343
600	100	50	4	1.208
600	100	60	4	1.124
600	100	70	4	1.048
600	100	80	4	1.013
600	100	90	4	0.976
600	100	100	4	0.94
650	100	10	4	1.776
650	100	20	4	1.777
650	100	30	4	1.536
650	100	40	4	1.364
650	100	50	4	1.232
650	100	60	4	1.168
650	100	70	4	1.08
650	100	80	4	1.024
650	100	90	4	0.984
650	100	100	4	0.963
700	100	10	4	1.804
700	100	20	4	1.804
700	100	30	4	1.548
700	100	40	4	1.387
700	100	50	4	1.252
700	100	60	4	1.176
700	100	70	4	1.1
700	100	80	4	1.049
700	100	90	4	1.008
700	100	100	4	0.976
750	100	10	4	1.84
750	100	20	4	1.841
750	100	30	4	1.588
750	100	40	4	1.404
750	100	50	4	1.28
750	100	60	4	1.184
750	100	70	4	1.112
750	100	80	4	1.056
750	100	90	4	1.036
750	100	100	4	0.987
800	100	10	4	1.868
800	100	20	4	1.868
800	100	30	4	1.6
800	100	40	4	1.435
800	100	50	4	1.296
800	100	60	4	1.204
800	100	70	4	1.136
800	100	80	4	1.089
800	100	90	4	1.044
800	100	100	4	1
850	100	10	4	1.904
850	100	20	4	1.905
850	100	30	4	1.64
850	100	40	4	1.456
850	100	50	4	1.316
850	100	60	4	1.232
850	100	70	4	1.152
850	100	80	4	1.092
850	100	90	4	1.052
850	100	100	4	1.007
900	100	10	4	1.928
900	100	20	4	1.928
900	100	30	4	1.648
900	100	40	4	1.475
900	100	50	4	1.336
900	100	60	4	1.236
900	100	70	4	1.168
900	100	80	4	1.117
900	100	90	4	1.072
900	100	100	4	1.036
950	100	10	4	1.956
950	100	20	4	1.957
950	100	30	4	1.692
950	100	40	4	1.476
950	100	50	4	1.356
950	100	60	4	1.272
950	100	70	4	1.18
950	100	80	4	1.116
950	100	90	4	1.1
950	100	100	4	1.047
1000	100	10	4	1.984
1000	100	20	4	1.984
1000	100	30	4	1.7
1000	100	40	4	1.523
1000	100	50	4	1.372
1000	100	60	4	1.268
1000	100	70	4	1.2
1000	100	80	4	1.149
1000	100	90	4	1.104
1000	100	100	4	1.064
500	150	10	4	1.825
500	150	20	4	1.824
500	150	30	4	1.548
500	150	40	4	1.372
500	150	50	4	1.268
500	150	60	4	1.156
500	150	70	4	1.096
500	150	80	4	1.04
500	150	90	4	1.015
500	150	100	4	0.98
550	150	10	4	1.86
550	150	20	4	1.86
550	150	30	4	1.595
550	150	40	4	1.38
550	150	50	4	1.3
550	150	60	4	1.2
550	150	70	4	1.109
550	150	80	4	1.048
550	150	90	4	1.036
550	150	100	4	0.996
600	150	10	4	1.909
600	150	20	4	1.908
600	150	30	4	1.62
600	150	40	4	1.432
600	150	50	4	1.316
600	150	60	4	1.224
600	150	70	4	1.14
600	150	80	4	1.08
600	150	90	4	1.047
600	150	100	4	1.012
650	150	10	4	1.936
650	150	20	4	1.936
650	150	30	4	1.651
650	150	40	4	1.452
650	150	50	4	1.336
650	150	60	4	1.248
650	150	70	4	1.157
650	150	80	4	1.092
650	150	90	4	1.056
650	150	100	4	1.04
700	150	10	4	1.965
700	150	20	4	1.964
700	150	30	4	1.664
700	150	40	4	1.476
700	150	50	4	1.36
700	150	60	4	1.26
700	150	70	4	1.176
700	150	80	4	1.116
700	150	90	4	1.079
700	150	100	4	1.048
750	150	10	4	1.996
750	150	20	4	1.996
750	150	30	4	1.707
750	150	40	4	1.492
750	150	50	4	1.388
750	150	60	4	1.284
750	150	70	4	1.189
750	150	80	4	1.124
750	150	90	4	1.108
750	150	100	4	1.064
800	150	10	4	2.025
800	150	20	4	2.024
800	150	30	4	1.72
800	150	40	4	1.528
800	150	50	4	1.404
800	150	60	4	1.288
800	150	70	4	1.212
800	150	80	4	1.156
800	150	90	4	1.115
800	150	100	4	1.076
850	150	10	4	2.06
850	150	20	4	2.06
850	150	30	4	1.759
850	150	40	4	1.548
850	150	50	4	1.424
850	150	60	4	1.3
850	150	70	4	1.229
850	150	80	4	1.16
850	150	90	4	1.124
850	150	100	4	1.084
900	150	10	4	2.085
900	150	20	4	2.084
900	150	30	4	1.768
900	150	40	4	1.568
900	150	50	4	1.448
900	150	60	4	1.34
900	150	70	4	1.244
900	150	80	4	1.184
900	150	90	4	1.147
900	150	100	4	1.108
950	150	10	4	2.116
950	150	20	4	2.116
950	150	30	4	1.807
950	150	40	4	1.568
950	150	50	4	1.468
950	150	60	4	1.356
950	150	70	4	1.257
950	150	80	4	1.184
950	150	90	4	1.168
950	150	100	4	1.124
1000	150	10	4	2.145
1000	150	20	4	2.144
1000	150	30	4	1.82
1000	150	40	4	1.608
1000	150	50	4	1.484
1000	150	60	4	1.352
1000	150	70	4	1.276
1000	150	80	4	1.22
1000	150	90	4	1.175
1000	150	100	4	1.132
500	200	10	4	1.948
500	200	20	4	1.947
500	200	30	4	1.652
500	200	40	4	1.48
500	200	50	4	1.348
500	200	60	4	1.229
500	200	70	4	1.16
500	200	80	4	1.12
500	200	90	4	1.076
500	200	100	4	1.048
550	200	10	4	1.984
550	200	20	4	1.984
550	200	30	4	1.7
550	200	40	4	1.488
550	200	50	4	1.38
550	200	60	4	1.256
550	200	70	4	1.172
550	200	80	4	1.127
550	200	90	4	1.092
550	200	100	4	1.064
600	200	10	4	2.032
600	200	20	4	2.031
600	200	30	4	1.724
600	200	40	4	1.54
600	200	50	4	1.396
600	200	60	4	1.281
600	200	70	4	1.188
600	200	80	4	1.16
600	200	90	4	1.108
600	200	100	4	1.08
650	200	10	4	2.06
650	200	20	4	2.06
650	200	30	4	1.756
650	200	40	4	1.56
650	200	50	4	1.42
650	200	60	4	1.308
650	200	70	4	1.236
650	200	80	4	1.171
650	200	90	4	1.116
650	200	100	4	1.104
700	200	10	4	2.088
700	200	20	4	2.087
700	200	30	4	1.768
700	200	40	4	1.584
700	200	50	4	1.44
700	200	60	4	1.321
700	200	70	4	1.24
700	200	80	4	1.196
700	200	90	4	1.14
700	200	100	4	1.116
750	200	10	4	2.12
750	200	20	4	2.12
750	200	30	4	1.808
750	200	40	4	1.6
750	200	50	4	1.464
750	200	60	4	1.344
750	200	70	4	1.252
750	200	80	4	1.203
750	200	90	4	1.168
750	200	100	4	1.136
800	200	10	4	2.16
800	200	20	4	2.159
800	200	30	4	1.82
800	200	40	4	1.632
800	200	50	4	1.484
800	200	60	4	1.361
800	200	70	4	1.276
800	200	80	4	1.236
800	200	90	4	1.176
800	200	100	4	1.144
850	200	10	4	2.196
850	200	20	4	2.196
850	200	30	4	1.86
850	200	40	4	1.652
850	200	50	4	1.504
850	200	60	4	1.356
850	200	70	4	1.292
850	200	80	4	1.239
850	200	90	4	1.184
850	200	100	4	1.152
900	200	10	4	2.22
900	200	20	4	2.219
900	200	30	4	1.868
900	200	40	4	1.668
900	200	50	4	1.516
900	200	60	4	1.389
900	200	70	4	1.308
900	200	80	4	1.264
900	200	90	4	1.204
900	200	100	4	1.176
950	200	10	4	2.244
950	200	20	4	2.244
950	200	30	4	1.904
950	200	40	4	1.668
950	200	50	4	1.528
950	200	60	4	1.412
950	200	70	4	1.32
950	200	80	4	1.263
950	200	90	4	1.236
950	200	100	4	1.192
1000	200	10	4	2.268
1000	200	20	4	2.267
1000	200	30	4	1.912
1000	200	40	4	1.696
1000	200	50	4	1.548
1000	200	60	4	1.421
1000	200	70	4	1.336
1000	200	80	4	1.296
1000	200	90	4	1.24
1000	200	100	4	1.2
500	250	10	4	2.056
500	250	20	4	2.056
500	250	30	4	1.744
500	250	40	4	1.552
500	250	50	4	1.4
500	250	60	4	1.3
500	250	70	4	1.235
500	250	80	4	1.172
500	250	90	4	1.14
500	250	100	4	1.104
550	250	10	4	2.091
550	250	20	4	2.092
550	250	30	4	1.792
550	250	40	4	1.56
550	250	50	4	1.433
550	250	60	4	1.332
550	250	70	4	1.264
550	250	80	4	1.18
550	250	90	4	1.156
550	250	100	4	1.124
600	250	10	4	2.14
600	250	20	4	2.14
600	250	30	4	1.816
600	250	40	4	1.612
600	250	50	4	1.448
600	250	60	4	1.356
600	250	70	4	1.283
600	250	80	4	1.212
600	250	90	4	1.172
600	250	100	4	1.132
650	250	10	4	2.167
650	250	20	4	2.168
650	250	30	4	1.848
650	250	40	4	1.632
650	250	50	4	1.473
650	250	60	4	1.36
650	250	70	4	1.312
650	250	80	4	1.224
650	250	90	4	1.18
650	250	100	4	1.164
700	250	10	4	2.196
700	250	20	4	2.196
700	250	30	4	1.86
700	250	40	4	1.656
700	250	50	4	1.492
700	250	60	4	1.388
700	250	70	4	1.331
700	250	80	4	1.248
700	250	90	4	1.204
700	250	100	4	1.172
750	250	10	4	2.227
750	250	20	4	2.228
750	250	30	4	1.9
750	250	40	4	1.672
750	250	50	4	1.521
750	250	60	4	1.412
750	250	70	4	1.328
750	250	80	4	1.256
750	250	90	4	1.224
750	250	100	4	1.192
800	250	10	4	2.256
800	250	20	4	2.256
800	250	30	4	1.912
800	250	40	4	1.704
800	250	50	4	1.536
800	250	60	4	1.424
800	250	70	4	1.351
800	250	80	4	1.288
800	250	90	4	1.248
800	250	100	4	1.2
850	250	10	4	2.291
850	250	20	4	2.292
850	250	30	4	1.952
850	250	40	4	1.724
850	250	50	4	1.557
850	250	60	4	1.432
850	250	70	4	1.38
850	250	80	4	1.292
850	250	90	4	1.256
850	250	100	4	1.208
900	250	10	4	2.316
900	250	20	4	2.316
900	250	30	4	1.96
900	250	40	4	1.744
900	250	50	4	1.576
900	250	60	4	1.472
900	250	70	4	1.395
900	250	80	4	1.316
900	250	90	4	1.276
900	250	100	4	1.232
950	250	10	4	2.343
950	250	20	4	2.344
950	250	30	4	2
950	250	40	4	1.744
950	250	50	4	1.593
950	250	60	4	1.488
950	250	70	4	1.392
950	250	80	4	1.316
950	250	90	4	1.3
950	250	100	4	1.248
1000	250	10	4	2.372
1000	250	20	4	2.372
1000	250	30	4	2.008
1000	250	40	4	1.784
1000	250	50	4	1.612
1000	250	60	4	1.504
1000	250	70	4	1.411
1000	250	80	4	1.348
1000	250	90	4	1.308
1000	250	100	4	1.256
500	300	10	4	2.18
500	300	20	4	2.18
500	300	30	4	1.824
500	300	40	4	1.645
500	300	50	4	1.484
500	300	60	4	1.364
500	300	70	4	1.304
500	300	80	4	1.236
500	300	90	4	1.2
500	300	100	4	1.156
550	300	10	4	2.216
550	300	20	4	2.216
550	300	30	4	1.872
550	300	40	4	1.652
550	300	50	4	1.516
550	300	60	4	1.391
550	300	70	4	1.332
550	300	80	4	1.244
550	300	90	4	1.216
550	300	100	4	1.173
600	300	10	4	2.252
600	300	20	4	2.252
600	300	30	4	1.9
600	300	40	4	1.705
600	300	50	4	1.532
600	300	60	4	1.412
600	300	70	4	1.332
600	300	80	4	1.276
600	300	90	4	1.232
600	300	100	4	1.184
650	300	10	4	2.292
650	300	20	4	2.292
650	300	30	4	1.928
650	300	40	4	1.724
650	300	50	4	1.556
650	300	60	4	1.435
650	300	70	4	1.38
650	300	80	4	1.288
650	300	90	4	1.24
650	300	100	4	1.213
700	300	10	4	2.32
700	300	20	4	2.32
700	300	30	4	1.94
700	300	40	4	1.749
700	300	50	4	1.576
700	300	60	4	1.452
700	300	70	4	1.4
700	300	80	4	1.312
700	300	90	4	1.264
700	300	100	4	1.22
750	300	10	4	2.352
750	300	20	4	2.352
750	300	30	4	1.98
750	300	40	4	1.764
750	300	50	4	1.604
750	300	60	4	1.475
750	300	70	4	1.412
750	300	80	4	1.32
750	300	90	4	1.288
750	300	100	4	1.245
800	300	10	4	2.376
800	300	20	4	2.376
800	300	30	4	1.996
800	300	40	4	1.797
800	300	50	4	1.62
800	300	60	4	1.496
800	300	70	4	1.42
800	300	80	4	1.352
800	300	90	4	1.304
800	300	100	4	1.252
850	300	10	4	2.412
850	300	20	4	2.412
850	300	30	4	2.036
850	300	40	4	1.812
850	300	50	4	1.64
850	300	60	4	1.487
850	300	70	4	1.456
850	300	80	4	1.356
850	300	90	4	1.308
850	300	100	4	1.257
900	300	10	4	2.436
900	300	20	4	2.436
900	300	30	4	2.044
900	300	40	4	1.833
900	300	50	4	1.66
900	300	60	4	1.528
900	300	70	4	1.468
900	300	80	4	1.38
900	300	90	4	1.324
900	300	100	4	1.28
950	300	10	4	2.464
950	300	20	4	2.464
950	300	30	4	2.084
950	300	40	4	1.848
950	300	50	4	1.68
950	300	60	4	1.547
950	300	70	4	1.48
950	300	80	4	1.38
950	300	90	4	1.348
950	300	100	4	1.301
1000	300	10	4	2.492
1000	300	20	4	2.492
1000	300	30	4	2.092
1000	300	40	4	1.889
1000	300	50	4	1.692
1000	300	60	4	1.56
1000	300	70	4	1.484
1000	300	80	4	1.408
1000	300	90	4	1.356
1000	300	100	4	1.308
500	350	10	4	2.268
500	350	20	4	2.268
500	350	30	4	1.936
500	350	40	4	1.716
500	350	50	4	1.563
500	350	60	4	1.444
500	350	70	4	1.368
500	350	80	4	1.304
500	350	90	4	1.257
500	350	100	4	1.204
550	350	10	4	2.304
550	350	20	4	2.304
550	350	30	4	1.985
550	350	40	4	1.724
550	350	50	4	1.596
550	350	60	4	1.472
550	350	70	4	1.38
550	350	80	4	1.296
550	350	90	4	1.272
550	350	100	4	1.228
600	350	10	4	2.352
600	350	20	4	2.352
600	350	30	4	2.008
600	350	40	4	1.776
600	350	50	4	1.611
600	350	60	4	1.496
600	350	70	4	1.38
600	350	80	4	1.348
600	350	90	4	1.289
600	350	100	4	1.24
650	350	10	4	2.38
650	350	20	4	2.38
650	350	30	4	2.041
650	350	40	4	1.796
650	350	50	4	1.636
650	350	60	4	1.516
650	350	70	4	1.428
650	350	80	4	1.34
650	350	90	4	1.296
650	350	100	4	1.268
700	350	10	4	2.408
700	350	20	4	2.408
700	350	30	4	2.052
700	350	40	4	1.82
700	350	50	4	1.655
700	350	60	4	1.532
700	350	70	4	1.448
700	350	80	4	1.38
700	350	90	4	1.321
700	350	100	4	1.272
750	350	10	4	2.464
750	350	20	4	2.464
750	350	30	4	2.085
750	350	40	4	1.832
750	350	50	4	1.684
750	350	60	4	1.552
750	350	70	4	1.46
750	350	80	4	1.388
750	350	90	4	1.344
750	350	100	4	1.296
800	350	10	4	2.488
800	350	20	4	2.488
800	350	30	4	2.092
800	350	40	4	1.864
800	350	50	4	1.699
800	350	60	4	1.572
800	350	70	4	1.496
800	350	80	4	1.42
800	350	90	4	1.357
800	350	100	4	1.3
850	350	10	4	2.512
850	350	20	4	2.512
850	350	30	4	2.161
850	350	40	4	1.884
850	350	50	4	1.716
850	350	60	4	1.576
850	350	70	4	1.48
850	350	80	4	1.44
850	350	90	4	1.364
850	350	100	4	1.304
900	350	10	4	2.528
900	350	20	4	2.528
900	350	30	4	2.164
900	350	40	4	1.9
900	350	50	4	1.747
900	350	60	4	1.6
900	350	70	4	1.512
900	350	80	4	1.444
900	350	90	4	1.381
900	350	100	4	1.328
950	350	10	4	2.556
950	350	20	4	2.556
950	350	30	4	2.201
950	350	40	4	1.908
950	350	50	4	1.764
950	350	60	4	1.62
950	350	70	4	1.524
950	350	80	4	1.444
950	350	90	4	1.404
950	350	100	4	1.344
1000	350	10	4	2.608
1000	350	20	4	2.608
1000	350	30	4	2.204
1000	350	40	4	1.944
1000	350	50	4	1.775
1000	350	60	4	1.628
1000	350	70	4	1.556
1000	350	80	4	1.472
1000	350	90	4	1.409
1000	350	100	4	1.352
500	400	10	4	2.404
500	400	20	4	2.404
500	400	30	4	2.015
500	400	40	4	1.82
500	400	50	4	1.632
500	400	60	4	1.504
500	400	70	4	1.433
500	400	80	4	1.356
500	400	90	4	1.312
500	400	100	4	1.26
550	400	10	4	2.441
550	400	20	4	2.44
550	400	30	4	2.064
550	400	40	4	1.828
550	400	50	4	1.668
550	400	60	4	1.532
550	400	70	4	1.444
550	400	80	4	1.364
550	400	90	4	1.327
550	400	100	4	1.28
600	400	10	4	2.488
600	400	20	4	2.488
600	400	30	4	2.087
600	400	40	4	1.88
600	400	50	4	1.684
600	400	60	4	1.556
600	400	70	4	1.441
600	400	80	4	1.412
600	400	90	4	1.344
600	400	100	4	1.292
650	400	10	4	2.517
650	400	20	4	2.516
650	400	30	4	2.12
650	400	40	4	1.9
650	400	50	4	1.708
650	400	60	4	1.58
650	400	70	4	1.472
650	400	80	4	1.408
650	400	90	4	1.351
650	400	100	4	1.32
700	400	10	4	2.544
700	400	20	4	2.544
700	400	30	4	2.131
700	400	40	4	1.924
700	400	50	4	1.724
700	400	60	4	1.592
700	400	70	4	1.509
700	400	80	4	1.432
700	400	90	4	1.376
700	400	100	4	1.328
750	400	10	4	2.577
750	400	20	4	2.576
750	400	30	4	2.172
750	400	40	4	1.936
750	400	50	4	1.752
750	400	60	4	1.616
750	400	70	4	1.52
750	400	80	4	1.44
750	400	90	4	1.395
750	400	100	4	1.348
800	400	10	4	2.604
800	400	20	4	2.604
800	400	30	4	2.179
800	400	40	4	1.968
800	400	50	4	1.768
800	400	60	4	1.636
800	400	70	4	1.541
800	400	80	4	1.472
800	400	90	4	1.408
800	400	100	4	1.36
850	400	10	4	2.665
850	400	20	4	2.664
850	400	30	4	2.248
850	400	40	4	1.988
850	400	50	4	1.788
850	400	60	4	1.648
850	400	70	4	1.544
850	400	80	4	1.504
850	400	90	4	1.415
850	400	100	4	1.364
900	400	10	4	2.676
900	400	20	4	2.676
900	400	30	4	2.255
900	400	40	4	2.008
900	400	50	4	1.808
900	400	60	4	1.664
900	400	70	4	1.577
900	400	80	4	1.508
900	400	90	4	1.436
900	400	100	4	1.388
950	400	10	4	2.705
950	400	20	4	2.704
950	400	30	4	2.296
950	400	40	4	2.008
950	400	50	4	1.832
950	400	60	4	1.68
950	400	70	4	1.588
950	400	80	4	1.508
950	400	90	4	1.459
950	400	100	4	1.404
1000	400	10	4	2.732
1000	400	20	4	2.732
1000	400	30	4	2.299
1000	400	40	4	2.048
1000	400	50	4	1.848
1000	400	60	4	1.696
1000	400	70	4	1.605
1000	400	80	4	1.54
1000	400	90	4	1.468
1000	400	100	4	1.412
500	450	10	4	2.487
500	450	20	4	2.488
500	450	30	4	2.084
500	450	40	4	1.876
500	450	50	4	1.709
500	450	60	4	1.572
500	450	70	4	1.496
500	450	80	4	1.416
500	450	90	4	1.352
500	450	100	4	1.312
550	450	10	4	2.524
550	450	20	4	2.524
550	450	30	4	2.132
550	450	40	4	1.892
550	450	50	4	1.74
550	450	60	4	1.596
550	450	70	4	1.507
550	450	80	4	1.408
550	450	90	4	1.368
550	450	100	4	1.332
600	450	10	4	2.571
600	450	20	4	2.572
600	450	30	4	2.156
600	450	40	4	1.944
600	450	50	4	1.757
600	450	60	4	1.624
600	450	70	4	1.504
600	450	80	4	1.44
600	450	90	4	1.384
600	450	100	4	1.344
650	450	10	4	2.6
650	450	20	4	2.6
650	450	30	4	2.188
650	450	40	4	1.964
650	450	50	4	1.78
650	450	60	4	1.644
650	450	70	4	1.535
650	450	80	4	1.468
650	450	90	4	1.392
650	450	100	4	1.372
700	450	10	4	2.627
700	450	20	4	2.628
700	450	30	4	2.2
700	450	40	4	1.98
700	450	50	4	1.801
700	450	60	4	1.66
700	450	70	4	1.572
700	450	80	4	1.476
700	450	90	4	1.416
700	450	100	4	1.38
750	450	10	4	2.656
750	450	20	4	2.656
750	450	30	4	2.24
750	450	40	4	1.996
750	450	50	4	1.824
750	450	60	4	1.68
750	450	70	4	1.587
750	450	80	4	1.484
750	450	90	4	1.44
750	450	100	4	1.4
800	450	10	4	2.687
800	450	20	4	2.688
800	450	30	4	2.252
800	450	40	4	2.024
800	450	50	4	1.841
800	450	60	4	1.704
800	450	70	4	1.608
800	450	80	4	1.516
800	450	90	4	1.448
800	450	100	4	1.412
850	450	10	4	2.72
850	450	20	4	2.72
850	450	30	4	2.316
850	450	40	4	2.044
850	450	50	4	1.86
850	450	60	4	1.716
850	450	70	4	1.607
850	450	80	4	1.536
850	450	90	4	1.472
850	450	100	4	1.416
900	450	10	4	2.743
900	450	20	4	2.744
900	450	30	4	2.32
900	450	40	4	2.064
900	450	50	4	1.881
900	450	60	4	1.736
900	450	70	4	1.64
900	450	80	4	1.556
900	450	90	4	1.492
900	450	100	4	1.428
950	450	10	4	2.784
950	450	20	4	2.784
950	450	30	4	2.36
950	450	40	4	2.064
950	450	50	4	1.896
950	450	60	4	1.752
950	450	70	4	1.655
950	450	80	4	1.556
950	450	90	4	1.516
950	450	100	4	1.44
1000	450	10	4	2.811
1000	450	20	4	2.812
1000	450	30	4	2.368
1000	450	40	4	2.104
1000	450	50	4	1.913
1000	450	60	4	1.764
1000	450	70	4	1.668
1000	450	80	4	1.572
1000	450	90	4	1.512
1000	450	100	4	1.452
500	500	10	4	2.608
500	500	20	4	2.608
500	500	30	4	2.192
500	500	40	4	1.932
500	500	50	4	1.776
500	500	60	4	1.627
500	500	70	4	1.56
500	500	80	4	1.48
500	500	90	4	1.416
500	500	100	4	1.357
550	500	10	4	2.644
550	500	20	4	2.644
550	500	30	4	2.24
550	500	40	4	1.941
550	500	50	4	1.812
550	500	60	4	1.656
550	500	70	4	1.576
550	500	80	4	1.472
550	500	90	4	1.432
550	500	100	4	1.376
600	500	10	4	2.692
600	500	20	4	2.692
600	500	30	4	2.264
600	500	40	4	1.992
600	500	50	4	1.828
600	500	60	4	1.679
600	500	70	4	1.588
600	500	80	4	1.504
600	500	90	4	1.464
600	500	100	4	1.389
650	500	10	4	2.72
650	500	20	4	2.72
650	500	30	4	2.296
650	500	40	4	2.013
650	500	50	4	1.852
650	500	60	4	1.704
650	500	70	4	1.62
650	500	80	4	1.536
650	500	90	4	1.456
650	500	100	4	1.416
700	500	10	4	2.748
700	500	20	4	2.748
700	500	30	4	2.308
700	500	40	4	2.036
700	500	50	4	1.868
700	500	60	4	1.715
700	500	70	4	1.644
700	500	80	4	1.556
700	500	90	4	1.48
700	500	100	4	1.425
750	500	10	4	2.776
750	500	20	4	2.776
750	500	30	4	2.344
750	500	40	4	2.053
750	500	50	4	1.896
750	500	60	4	1.74
750	500	70	4	1.656
750	500	80	4	1.56
750	500	90	4	1.5
750	500	100	4	1.448
800	500	10	4	2.804
800	500	20	4	2.804
800	500	30	4	2.356
800	500	40	4	2.108
800	500	50	4	1.912
800	500	60	4	1.755
800	500	70	4	1.676
800	500	80	4	1.576
800	500	90	4	1.512
800	500	100	4	1.461
850	500	10	4	2.84
850	500	20	4	2.84
850	500	30	4	2.396
850	500	40	4	2.125
850	500	50	4	1.932
850	500	60	4	1.768
850	500	70	4	1.688
850	500	80	4	1.58
850	500	90	4	1.52
850	500	100	4	1.464
900	500	10	4	2.86
900	500	20	4	2.86
900	500	30	4	2.4
900	500	40	4	2.14
900	500	50	4	1.952
900	500	60	4	1.783
900	500	70	4	1.704
900	500	80	4	1.624
900	500	90	4	1.54
900	500	100	4	1.489
950	500	10	4	2.888
950	500	20	4	2.888
950	500	30	4	2.44
950	500	40	4	2.149
950	500	50	4	1.968
950	500	60	4	1.824
950	500	70	4	1.72
950	500	80	4	1.62
950	500	90	4	1.564
950	500	100	4	1.5
1000	500	10	4	2.912
1000	500	20	4	2.912
1000	500	30	4	2.46
1000	500	40	4	2.184
1000	500	50	4	1.984
1000	500	60	4	1.835
1000	500	70	4	1.74
1000	500	80	4	1.648
1000	500	90	4	1.572
1000	500	100	4	1.513
